6753
11763
6826
13341
47873
35609
63299
74931
49126
24073
66901
57517
15389
97918
59001
40737
39676
70519
17346
89281
86735
81351
69575
43312
71563
91795
28766
49852
51305
95155
51124
4324
45091
7459
64752
89538
56130
3443
68259
75623
86834
5011
22359
29053
85683
14225
52430
46883
96573
54899
75265
38923
2262
2781
60277
71065
86977
31332
80589
25089
1514
77863
11999
83461
38548
85739
25353
50969
2867
59632
83242
23198
44319
52183
62145
83958
89360
2169
41268
2447
99107
12663
88292
40098
19028
3328
6022
40677
2136
31941
8095
81652
84929
50310
22167
34437
67019
35511
53629
67748
59033
39279
19870
23395
91132
76201
73687
4124
11992
70863
13867
79103
19030
58892
96375
44777
15549
51929
41423
31389
86986
41365
89058
67807
34416
97065
11776
33196
3162
17768
5733
35271
73940
67868
15532
3378
12864
91055
36677
237
36366
99235
3721
92695
8051
1048
13326
65336
55974
3490
37483
16259
78566
29957
41415
85992
57116
62832
87867
27559
37167
62184
41221
10084
97978
6964
78658
63686
37862
6821
5805
96204
55985
9801
18192
71784
35390
84593
30288
70536
41620
47265
65345
48650
83994
81965
26523
7811
43301
4669
64242
97689
77817
40781
31467
43406
79442
1440
14917
19480
63724
10041
51689
74010
28674
75243
70724
51821
89084
98069
92381
93860
38339
20406
14565
29518
94708
6185
36556
54570
82965
37821
19205
51374
4366
96700
31212
70822
39792
86243
45087
33527
90189
50805
27913
28714
85853
32318
16592
68526
79407
95231
35305
81852
64084
64063
86187
19985
72350
36320
56290
7712
20669
11270
38134
51692
47198
59529
60058
12136
44017
52688
56437
97956
51207
74044
16061
20108
73051
31550
25982
14139
55207
33967
29431
18709
93004
82157
63211
42005
21730
60501
91152
11020
21898
2369
26716
13799
62682
45489
95305
24330
35941
51399
37792
18898
99746
71472
46513
10782
24877
27089
26599
9678
51882
30115
82441
70221
4850
53156
37426
12607
50238
99381
63943
27514
66506
62943
25417
90564
40243
65887
63553
97104
70648
19651
52025
50173
20715
82727
79685
49844
81047
3807
54372
45452
77555
95642
48604
61100
62377
92077
42122
85917
40047
79968
66037
32760
83913
65302
69211
793
53735
46739
4273
68538
17662
35413
16460
25255
90244
53950
87863
28543
59707
20181
9519
87287
1616
14012
47594
86944
78374
81344
17655
63497
25874
39699
25036
85131
6147
82349
31178
15743
6829
71479
62422
50455
39715
81670
15293
55821
27320
70878
7022
16432
80127
49461
82361
6302
59205
91104
14618
69740
47522
12155
56672
73559
66312
91438
30465
95999
11079
29740
9235
39266
66148
94265
18504
61357
18147
21616
99563
25721
83106
46976
387
98046
54079
69668
33873
50282
35107
22997
15707
58941
216
69033
24979
91601
46819
596
96959
11345
7744
44711
98201
4013
65097
54287
29114
66386
48188
43763
91765
28432
18156
52657
39005
47328
81067
81131
76994
24128
56884
44335
66041
57544
84242
34447
7592
29624
45074
8017
53613
66641
33501
10250
92710
33672
83258
50602
57244
65358
94579
37275
75961
12340
78237
43081
30195
46584
11905
69627
6837
16757
49439
26001
40779
77730
25553
33080
4146
64621
18905
54160
79702
92369
34804
57937
56649
12708
1739
92132
335
19766
56747
22552
72433
35368
63664
86555
64580
3519
1840
357
9666
45642
46588
60253
93001
83801
2920
63582
12744
5017
67883
37033
93194
44361
40785
54080
1059
84659
82996
44995
40914
44704
88299
86028
20252
98393
83242
49592
80269
81348
52053
54568
51082
73409
93500
90434
22040
87201
41987
42069
22859
5403
23659
72821
95258
5860
1265
38627
95129
52120
99328
36434
19171
51282
60730
88806
33188
14944
41488
94168
83712
74592
3747
18824
94226
46948
76413
80798
60629
85081
58178
22476
63802
7644
22226
88328
17021
47288
61412
10166
67731
72587
7192
59447
18201
71083
70452
10065
62492
69633
10426
77210
11312
66231
67740
17549
56168
88699
77156
18049
73385
44296
36547
89880
46339
79422
56755
6791
14597
34576
92602
91255
59753
812
13014
89164
54596
44960
20576
92191
51948
56748
94678
98860
37924
62556
18391
66717
53282
39003
49729
71353
20940
5247
52538
9059
40676
6067
66455
70930
54697
27638
6520
17269
73417
3426
46379
70852
99630
1710
82948
41396
63892
46775
27051
25670
27743
88131
85332
54027
36603
20669
60069
76160
83562
80513
55646
52068
63417
33127
56763
4498
29246
29256
56588
31710
29504
71634
61162
18190
37348
65081
50712
93084
75974
59664
69455
23631
60447
52446
90953
25868
73187
33847
53751
29149
15012
64384
77527
47561
86455
69761
94552
75213
92819
39406
84644
93048
11190
81743
17198
64967
65591
87
6978
84645
955
94705
66164
78657
66712
39933
19465
99088
88035
3536
88463
73311
31919
1086
98749
17509
63012
32952
53414
20978
47321
71712
82069
74210
41462
82241
12318
43940
21064
18613
31425
24177
63394
39221
46020
88678
52968
25859
49751
96017
46332
10347
28128
3420
78654
78018
62077
42377
1810
93061
63841
11475
83172
38651
30447
21079
31758
18942
93154
17498
8528
99361
22208
20476
28365
52047
98677
84509
87597
7948
47262
43882
80438
1575
70809
99071
24060
63051
20803
31011
61195
67668
87225
72761
638
10456
48150
76552
3207
6653
14103
72899
68128
60960
14020
67616
44082
74375
92582
77453
52185
67030
60300
77272
63742
71572
28292
63736
32165
28181
94859
22694
59326
43709
43899
84953
17754
24349
90117
10194
96708
78201
65296
7715
31540
85374
83690
40069
55427
94108
54412
96295
18131
26720
45199
61909
43755
85626
88320
49401
8570
95780
57732
52291
67767
61829
20489
75469
60667
46911
84936
55214
14310
51835
51655
28592
28480
33387
24386
22727
18704
59857
84449
25958
61856
38335
42907
95244
31597
39121
52248
35912
21270
21412
66610
96566
58025
62294
83823
24684
15701
96498
38792
41741
74959
46956
20593
56836
54302
39924
81141
50487
70568
46349
84713
5724
37152
92198
92561
80350
94599
49153
38500
9947
49242
42256
32121
12658
65052
93861
54623
71784
76770
63121
58601
11619
30566
71885
2641
90895
36022
95615
16374
36475
55982
58478
63050
39804
46522
39286
78310
99708
1072
69568
94904
57525
99535
19618
92342
29651
49033
32454
54329
15673
94317
86225
6030
80759
33763
27103
88295
84588
62409
9055
36525
55665
7815
36120
60377
6129
49529
40996
34851
42573
10265
49109
77203
94756
68027
17283
94889
56473
50409
1425
36322
10375
44828
11515
19285
51329
93631
22457
20287
59827
48744
50732
13587
69083
94372
79953
91900
64239
55847
84531
6760
4200
62172
9494
99999
30762
24811
15494
29405
38764
3376
20747
21861
70805
74911
59867
14849
6141
71654
80070
69219
91066
90841
709
54268
30899
83680
98260
68714
43806
55025
70211
23958
90055
3213
70211
80628
53619
48114
14335
94506
47210
52051
9684
96301
76273
55034
88685
53207
89585
20272
59998
9658
35224
97243
48553
49416
60346
40599
63765
61890
2039
70067
79874
36857
35273
16617
46078
57307
54113
76574
51743
54728
91134
71619
91424
13867
70038
17234
3160
16587
70410
81725
24980
79576
82402
41886
39001
51054
65828
27272
38767
26062
12420
5133
63638
21543
18285
79006
72757
52732
47503
33305
85929
50645
42628
10156
72571
10515
75838
26949
90301
60453
1153
43868
92496
66252
80489
53875
24978
51237
21600
10254
85770
53703
16552
13446
91541
99493
73513
36800
94029
96093
4206
73342
51932
55903
6695
11322
86500
95353
83753
50960
64753
66279
88894
59730
72909
11401
25492
44046
95823
16107
37000
37325
8427
49437
29610
98631
93076
61886
15801
13102
21595
99613
13605
12485
26024
77313
91032
9419
91216
83629
96275
3108
94879
54813
25327
62054
7671
88792
89089
26814
90337
24828
64593
32672
61565
82759
76982
47640
48779
31436
97545
94295
83779
72764
37422
39276
21971
73919
33403
64206
75597
64165
21903
92831
35711
66711
60743
17613
82794
82476
9248
44167
78779
13857
1369
15329
37009
14956
99161
79307
73061
58651
44353
26503
81114
99068
82035
20902
91915
73911
14922
9574
88116
14850
85171
1773
451
9271
92621
76090
94866
70263
21644
23650
22427
31914
96440
9026
19000
59413
47872
26083
50144
6490
98471
66540
69994
4466
8286
55299
78065
83743
17773
26752
9007
16220
79009
70800
91590
46072
43236
23018
86714
71783
20626
21039
64863
58279
57601
79894
96650
53535
52388
24292
74221
11551
97790
13529
91513
35591
44816
83268
82396
58171
88551
90038
81547
6878
38757
4762
78588
81016
10693
3590
37319
47274
26611
84768
43714
1844
81184
37612
47406
34756
57890
5625
14698
76613
5219
32896
82272
19431
31437
94714
47826
77825
36611
25311
47460
86468
8953
42007
19010
31039
4291
32759
35256
69063
75951
47715
53571
79426
40657
21494
65754
66905
28928
26290
96290
33595
81774
10389
3565
16428
42474
58700
49742
70777
8045
86999
65337
98761
62323
18279
23308
94033
12995
28541
27350
52079
54107
81009
68506
50746
82978
73210
85934
88741
77480
49567
48887
83496
8462
61319
20656
57220
78606
50530
55307
69696
46652
98108
35882
42292
58783
86457
7061
47207
21203
8122
562
19818
46528
64517
98581
63573
80871
95781
85471
68172
69767
3438
43286
4020
6549
49025
71079
49105
35067
87873
61963
82291
96745
68932
57217
53135
39705
89764
88890
62119
14456
71584
28155
58362
90675
84181
49261
84978
55709
48737
13712
28532
61450
3502
1266
69345
87702
82319
35429
77804
30324
97860
87572
54647
20431
33628
61108
20898
71843
22948
10663
71832
76511
51808
12994
24566
43167
65217
10975
93485
33375
98161
78162
16874
19992
47750
94300
56772
73527
39435
69434
6517
17871
15177
15447
35168
50794
6042
65513
18949
62537
90696
38048
38984
58211
11633
80090
8567
86585
19009
72189
48297
12578
278
9461
9969
86836
19098
65861
19015
9173
12446
6201
26855
34634
22653
86002
1063
51927
11107
92031
97085
6832
65980
20911
35457
58301
24523
17845
5424
89188
54612
32295
20751
11470
20834
70205
32765
65541
95344
17197
70249
9598
46532
51870
96208
76514
19385
79195
59713
62636
20767
46901
75763
79815
56266
61309
45560
31491
97623
13843
37166
36877
81464
74867
30541
39159
75720
43121
28270
55887
7187
15312
29546
88599
82326
44221
9361
30750
72350
82345
45441
10379
82713
61757
3118
80978
37103
85201
1625
35567
78372
3864
24028
57966
6399
37311
97643
25908
15597
67735
80843
48752
74542
84031
5817
62226
99326
4234
64295
53500
9513
80064
74412
3104
54273
38450
95575
37758
54631
49574
32054
11119
58157
67428
48413
30504
227
82780
88953
92723
21503
50596
38880
82699
52130
92082
93304
87619
17482
54099
48793
12088
31834
60276
55733
147
58566
42065
51363
15712
54177
42638
46781
90396
20207
66825
99044
34699
16441
62194
49665
57741
97729
57187
99654
37393
319
35837
80676
56168
53605
21420
11907
27386
22736
17566
71184
72476
11578
39556
72649
46684
60493
87273
79829
23410
60682
64844
52397
94334
81179
49262
71554
69264
43323
20345
26754
80788
24912
62631
95781
20538
97924
45831
11291
16753
72963
44585
22152
11582
25599
24436
78707
86598
90350
38935
17737
5687
25430
31263
69768
29015
46811
29580
85089
48570
51464
71145
13198
16246
2223
38367
45350
48064
17604
7810
99823
51796
19896
13177
71084
90368
29122
8582
50035
20507
85117
63892
23599
74840
75225
65532
47230
61321
28741
76540
11489
26340
34029
18964
35217
44913
23118
74834
87483
58473
7205
88433
32084
14378
50293
62728
90546
1351
80603
35327
1666
43558
48932
71626
44718
7431
73002
65483
76955
80119
8073
51853
74822
71101
90363
12780
77618
53258
47502
56731
8681
17826
79991
49708
85429
57134
21098
30174
37312
15602
25348
40824
83878
40630
38691
93284
12540
65973
47831
41654
73528
49656
94388
9937
83127
79706
58033
93032
6972
78437
35610
36300
26464
64394
69340
81503
22974
79280
19415
63717
71823
34752
65632
63977
7817
54378
52535
5092
718
22200
54001
10535
69986
65716
35408
28296
51431
84985
27004
15195
90823
70894
86160
31891
66956
86372
71150
79390
96599
79015
98493
15344
77361
24127
82209
8858
15692
21890
7427
30825
28202
60508
58897
20880
39202
98386
74073
37671
24187
3568
69788
87937
90704
22092
80769
55369
67550
37621
53573
25632
21347
46823
31946
37387
90199
16209
90901
40360
95799
96685
62826
37136
15016
47636
52826
79055
71450
4961
53035
41445
61900
51731
89503
41888
33630
16826
94817
41283
80903
74456
80362
12700
95406
55811
21896
40745
80733
42837
94282
56791
81401
55476
64143
74616
57980
72080
74966
63006
70567
33302
85345
93643
75677
42123
32748
91666
37873
47934
52796
90660
70131
76733
8568
55253
48763
70237
66870
65151
25518
62590
45539
71004
1795
86315
53775
17737
42557
60684
59378
16045
64996
39874
65972
79019
64652
10278
63629
13337
59722
68152
81196
65835
57767
30130
99946
42073
65322
94281
66616
54843
86351
2326
47613
17115
50024
90358
15502
80156
89477
59589
43146
31630
10627
39090
13360
5548
18841
75665
3788
67920
73950
46929
57055
89567
88036
95644
77930
3683
46217
90139
54138
71924
76816
96838
86429
57508
32969
22548
58752
99943
13229
91530
12047
62002
36153
80250
99768
65963
37247
46360
23578
33743
39015
39569
28098
5518
38226
17078
46192
64717
47495
89836
50101
26475
95984
86331
9516
25510
67691
85547
5668
87474
69369
92714
86391
59347
60186
89681
97018
41415
75210
54453
92379
60995
13434
59154
90593
78098
91606
34181
51841
16195
58001
48411
98030
3445
21095
28647
55656
95316
70151
93013
95245
28249
56108
85989
90825
51911
51417
60450
15839
20896
97015
81696
48745
20909
52790
77081
207
41594
22916
40605
7488
73512
54931
8472
91238
84509
94394
90883
94350
74199
21378
76025
34754
74252
51624
67541
72232
47782
15758
80691
62911
46474
97371
99349
43532
2420
51235
62128
26703
50043
52786
9149
5173
72110
61612
71740
20354
97889
84803
38928
18890
55807
78765
6669
70519
15218
30514
34900
31419
90845
52249
75773
24303
72904
90276
44794
59244
92607
35042
85853
26123
55392
17009
30779
84398
98335
82641
25644
56413
8286
53323
97436
19773
33203
84321
17583
7599
53180
37592
26939
15847
44966
15637
83088
99969
57767
22971
49500
46572
16970
89543
38831
60257
25778
10453
5030
60999
6238
94975
30529
13848
815
4349
93103
92170
94257
32687
40419
82421
9732
42581
45157
71028
96717
48513
66575
38288
14834
87796
19587
44287
76250
93393
54707
88990
44700
37426
27778
53083
9599
3106
7042
75521
21795
16868
77844
15456
11089
59643
57290
43742
3112
54934
6671
91935
17910
86089
41518
63267
75043
99012
79726
23882
57268
23042
47135
70843
82429
56104
44895
76120
35129
38153
13477
85592
41786
50216
46917
3484
80551
66071
22685
7408
65283
16247
40498
23958
10736
12860
79180
48077
10038
96824
1299
60775
10834
93897
8688
9457
46802
18889
67979
60801
69911
32179
53041
62587
76510
79455
34390
1660
39125
61066
6652
30382
25253
44996
60420
46768
26343
12987
39518
41288
353
3153
45471
54841
36070
87178
61024
63740
9230
38401
82820
6708
73774
90229
22113
49921
33385
94620
78258
87095
32795
25697
62179
20168
4079
51932
83266
22935
38094
33132
88175
43166
67003
35893
8339
43539
18465
97038
41180
91023
77629
45287
70836
97315
32430
85674
28589
27931
26576
23079
92749
19696
83085
12222
92562
22347
87651
46716
94656
61318
16564
2410
74594
65016
6929
39441
29237
24968
2643
89399
95751
79077
84215
21553
87521
21019
59215
98525
81002
8257
1061
31138
21874
68744
46607
72661
67433
93421
45406
31120
93913
87341
68793
70388
81648
50076
25272
17891
94686
31791
55332
83363
81195
81942
46069
84168
65241
89845
57737
53128
60283
6911
34438
75669
64356
59053
73388
52248
89194
81952
47627
70331
62711
36962
51601
55194
30605
45211
14250
36479
144
5177
66015
57449
27776
39550
88151
27938
9969
69045
3008
69275
34631
42771
54289
98944
89555
39369
80498
48623
33808
24984
68943
29301
45759
64290
50970
59979
60406
56422
50612
78250
92983
75631
88851
85503
46437
77748
66314
38179
6765
60336
19547
17618
69718
50421
34437
6003
63059
33594
85853
33777
30036
77354
38379
77724
68496
30021
10339
73323
1079
20986
56457
89931
79120
51289
36889
78388
29716
59888
59050
65601
80562
22195
12987
99943
64324
79006
28010
37443
47839
64136
36354
63889
4915
42706
93297
99937
48968
20117
2748
57993
38993
3865
17988
71801
48785
78042
49525
29887
199
87379
33642
84625
72445
40839
43988
10468
24680
45692
59585
68863
35217
55751
31116
80769
15266
30358
96881
11521
62511
32628
36972
69958
42276
56362
30022
62850
52192
30282
88380
63301
94485
27957
56794
99854
82937
79175
97892
84571
37134
52240
98126
86064
725
48995
96360
15583
42153
44085
17591
41020
91588
14195
5910
38737
28948
56272
97509
64834
2516
86532
4642
90738
5565
76358
39513
28792
74242
7200
3325
49053
7306
4434
34236
95425
82539
8007
99013
6858
32516
47389
15991
82258
75300
57485
16979
40206
99950
23767
14333
13360
26206
78952
167
87833
29944
42840
23266
24151
50183
1810
26529
16780
49026
73732
48084
35728
28706
48511
91257
77883
14910
93031
20210
7403
70382
5402
8812
73900
75735
92823
17161
98320
7283
48910
38849
78598
28825
45248
98640
14053
80439
67607
16614
79322
25818
71322
71739
14851
77462
11944
64927
16821
10774
30319
3644
21223
64117
6513
61241
47168
77190
92911
91180
40072
1041
84498
92077
69630
89167
11266
35508
83072
34716
43159
1322
65206
56482
52095
50844
89111
50121
62730
42203
71512
61333
16900
48030
91167
26630
79114
86117
70327
80469
16956
94373
38972
84804
98527
48288
99912
9625
89067
17110
7001
93910
2556
62832
34866
21979
27879
35665
45888
9003
94872
12238
87752
95432
99037
94527
20712
10160
21391
82074
92798
24655
50999
71712
67230
81513
53533
89728
31933
91414
5089
58122
62905
29864
32683
91048
51464
34039
46205
67629
86139
86238
51932
19980
44468
38415
72401
4092
21044
12151
26973
92453
91730
11720
22859
49415
68108
74732
84827
98197
31778
7046
54592
61846
12600
32001
71277
3235
65012
30084
16613
40414
79724
5151
34097
75716
43729
14179
24307
80746
41930
84444
63636
15355
39570
58943
92216
73498
67005
38777
25305
68926
40597
43230
28133
25982
46494
53855
45969
95501
64048
35898
15923
51422
38545
80806
73405
60864
14027
21144
69685
58583
9448
77694
32768
38210
41866
41857
80549
23944
68472
5245
18163
78045
23935
2932
93632
34310
90612
3393
3468
78346
42859
84228
56117
6896
35058
7514
28524
30238
59438
18501
5986
32401
97814
3930
55288
43987
10665
21177
23793
25445
79554
49045
81702
21957
57959
69416
64694
57744
41067
44528
32563
98896
15599
20400
9773
78934
38478
6564
63191
19629
91697
28304
15030
23931
29732
92300
11607
86390
5125
62898
19106
91217
9052
68096
94276
56578
26081
70617
51399
95526
95235
52658
58381
28821
47218
75346
947
43847
73434
70352
42078
58491
50453
91302
39185
83813
6109
80092
16598
76461
4163
63535
44575
16602
61011
19957
37544
35178
10848
2336
58172
90846
18237
5382
85626
48918
43089
36781
78086
31124
2644
44563
44987
94472
51489
4085
13762
19285
69715
34126
67783
10298
74989
90153
34232
60236
32434
26744
55670
14611
65102
88968
41493
63123
24545
95269
13409
75438
14267
82594
74209
14702
57404
20494
71430
3313
98821
22552
73314
17786
17942
25890
43224
8347
96541
35851
31731
33330
99862
44727
29120
82582
813
92509
91493
68870
27042
73701
42120
63543
47633
82053
3796
34956
39011
34589
6493
25665
46450
63509
6764
44239
69002
17109
61839
89656
71460
51995
83348
80544
84069
42663
84201
36031
62342
17612
35227
91779
61163
82265
99455
77450
44602
94367
10716
81075
19664
60236
9802
24661
13597
83158
78080
73886
57857
31854
86693
1729
8456
5610
5873
75214
92021
77470
63952
97081
10968
50723
36368
5916
8913
3660
60971
90640
5648
63330
91844
38137
24934
74112
12774
82091
95606
14525
50207
45621
58463
32120
71805
13660
96457
11845
70614
56950
87357
3327
47248
4945
11689
19469
96669
24130
11811
32548
64290
62379
71775
53388
118
88578
78770
76036
54299
9653
2269
61518
9780
74960
37655
37879
85952
91257
50403
40790
57937
78997
7370
85534
17844
21408
75384
99247
41021
93285
75408
28
35402
74017
58340
68011
28306
44312
67890
43045
68151
13565
70819
89236
86573
99488
54733
63291
34151
181
90787
47273
60120
27976
41464
52526
80819
98849
53731
96832
46426
56941
4579
48963
22551
52588
51063
29087
8453
33967
91751
51537
60664
20582
38271
71
91143
1037
29562
30053
83931
50223
73817
78865
93181
95243
77383
37958
46513
84580
32325
45663
22935
41649
61356
36207
48334
5104
18191
57639
20034
5012
39739
42726
49472
32901
82696
54640
18009
61539
58451
9617
93029
21440
9968
62671
25650
64272
36792
55210
65464
73619
67104
54870
49676
60523
45926
96513
72601
24563
63955
81728
59959
66967
82988
60473
25541
47598
56638
68094
67929
96754
56556
12275
91146
32581
51245
35958
85577
76326
87971
33074
3864
18087
94191
14446
38722
25422
61830
87507
72862
42185
78018
72691
10748
55837
2552
66623
15334
64783
60132
27851
81076
85228
95882
75426
75850
53146
27763
50108
56183
65655
87359
17933
28302
16183
48359
73440
99298
82847
51664
93418
2624
40569
87533
96863
89177
4645
79266
73297
37062
72442
20189
1187
7734
27568
46146
48254
75779
91541
81128
91823
36557
71570
28984
23040
11395
35224
19080
26395
13240
28029
47790
28440
49806
31585
64120
31344
94346
86468
83607
93629
6289
10217
17976
1898
74409
96984
39445
67242
75341
29246
17519
599
31687
17135
62972
65937
70090
73857
23192
60938
4718
57130
77339
16433
73242
85173
66013
22184
89017
40988
87572
70594
76944
8399
79125
94051
94148
1977
29810
17332
93698
35278
43751
17334
81302
85150
6848
34504
90464
69154
93605
84737
39245
10129
54946
62843
43890
10814
19693
17087
15377
93962
63946
55700
73948
63392
48
48401
46887
33447
97240
39229
219
74260
64365
87074
83073
16439
49655
11916
36831
72381
39573
95528
704
8911
25471
62140
17099
72802
69139
18707
9899
28130
61815
63049
49744
67417
3086
37994
38926
57739
85200
33784
55577
61195
85001
19299
4472
98703
3203
88573
5376
44616
82915
66882
34392
9841
77382
37302
89923
41631
70035
37073
32864
43220
21865
23474
94650
70952
99520
66356
35028
67494
96407
53551
45922
57690
24595
58846
38475
80571
88284
3700
96230
58307
57287
52100
97868
63959
70268
33618
51109
46515
15277
53435
87386
28651
83808
52208
33246
6706
44170
98622
94262
63507
17354
18872
9378
99508
61490
58638
41540
42622
6164
83423
25913
52350
13811
79215
40792
58519
33980
63187
60630
36930
76608
4460
15926
99017
853
65949
45173
32800
11568
47389
45290
86162
37557
95424
94339
79940
23988
80996
78596
18296
14530
70986
91579
81950
62029
78169
25455
96562
11162
74252
2356
49208
62430
98593
97416
54896
82957
29376
70356
7747
45687
26484
5978
36796
39170
59922
58423
11347
12090
47846
20287
79749
77063
57470
73706
11162
85476
43485
95184
26020
52756
71202
90976
9347
81289
96121
44171
79732
76475
4421
15682
76942
3972
35200
97850
81435
92806
24894
60230
14133
60349
1952
97513
50300
10326
34310
44094
32242
86056
48640
41144
57687
90547
18432
85732
38448
88183
30842
52013
40693
33149
81632
89946
53013
5781
77491
91089
91605
6159
46444
55011
62485
80889
50065
30906
52806
9683
65567
71699
48393
5966
57440
19707
25188
48129
4555
32828
24593
3946
85730
28311
31864
97748
25186
52405
37181
48074
82991
12703
9568
84321
65028
77814
36624
59175
96110
32184
24213
83619
74088
47221
53271
74817
81471
69047
95561
71449
7375
86319
90770
18962
61506
68443
74114
42337
96565
73612
68827
27273
37557
19898
39701
32019
88543
96948
37801
24331
44721
53656
63208
25106
89884
16368
494
92766
37692
64075
82589
1415
67864
28386
84099
67613
37976
3631
15778
94958
18203
48344
66298
10362
76202
7380
3452
47927
72188
5462
51384
98388
62033
6259
77271
17958
39975
91366
28790
16113
75268
8027
12274
50953
32100
24116
36896
63595
52031
35002
29340
59424
34929
8314
32949
19176
52150
99170
70516
65446
30939
76533
5685
55075
16247
76756
58407
68127
3224
3823
94886
93761
42781
33267
6113
52993
94161
95699
54571
82514
92315
72226
28327
41371
44322
66742
55224
88741
97912
16431
43413
17188
47288
28737
13681
49453
65167
68293
44034
10902
99473
89439
78184
89490
32443
78153
77292
21650
79162
10144
38329
87669
3016
1693
2210
61732
90241
33621
17564
7798
12841
53018
93902
25462
28709
87817
92818
50069
18440
70400
67033
1812
78611
44763
63854
55955
46216
57629
80540
44711
68102
8992
10356
73848
74075
59859
41552
30334
52557
79436
71
77101
9482
78963
88303
64141
47428
85502
47845
21702
19501
80898
7536
95620
1711
8041
45252
34271
80290
85355
88231
70605
3635
98782
95437
73698
93097
36496
44150
10621
36963
9961
18001
43071
95337
31702
40230
12516
48192
44850
45082
38848
24569
48311
28634
24698
81080
504
56606
34395
54129
19950
51985
38194
47646
74489
48476
26956
226
84596
14998
37279
6860
17307
98248
33312
65509
89714
45018
22193
86015
95663
46846
37399
88776
2043
65439
4579
73116
18506
12030
44179
92302
67814
4334
7337
19012
63524
86377
76783
62363
75081
69399
97458
4679
94407
22865
98743
336
45003
31093
14871
91878
22252
91208
26930
59897
70278
38504
41351
4368
62149
21226
21944
23603
20651
12116
13467
77044
59124
42418
26017
64995
53836
56645
46814
76169
35639
2109
6132
41367
82713
17086
47909
37073
75781
43786
28375
27971
96860
46292
55400
9994
63753
5588
5800
19300
81233
36829
3988
613
80590
94046
49379
82639
61377
65709
93698
88718
4208
24636
26132
5875
40138
98230
71336
58019
5262
54780
17378
41508
85269
16793
8566
52265
48190
53346
87430
51397
19659
42537
19727
55118
31733
83947
53968
17912
78835
41989
68165
56989
3080
43200
63495
26514
19165
21165
62390
65654
85834
49608
63521
78269
61832
22476
46951
37967
73936
30367
27613
88011
74262
26254
81062
52961
85238
67005
86141
700
89887
90838
93513
73966
59802
63408
91187
20062
27527
55677
73235
59237
95806
65676
68415
57869
17266
84750
4125
88891
35209
55298
48108
26911
36759
46810
92947
1849
10144
76488
9679
22373
36854
29396
31352
66192
94158
51831
14063
23738
6114
31687
48275
97886
59406
68680
31815
89894
71229
89857
21859
93255
416
16073
17530
77931
96640
42473
56632
60600
53835
78787
16680
7874
60602
59987
20456
44222
25321
25651
71173
79996
36239
31252
17074
68880
43421
35954
74299
86058
66462
39732
95919
91725
43661
77171
85770
76551
3471
35656
40264
79965
43178
97534
75308
91915
21165
32458
52638
16298
39406
76734
8471
56771
47957
36991
69686
60194
40980
93141
10955
98652
17311
75353
46777
63189
93859
95831
27265
66533
47175
20985
49616
2000
72129
62550
16101
88862
76164
79302
56487
63895
66335
19919
89729
47870
68522
66459
38220
27576
89612
38180
61563
35639
64272
71509
93762
43435
83338
40461
70368
46818
21446
40853
60302
50401
47073
86428
76505
76079
55558
99922
87385
93818
38103
42688
36414
64601
12667
51303
89641
75100
52924
84010
39329
40231
84655
11408
57774
346
58558
56841
90165
75945
21083
47047
69492
97162
87491
27156
16682
10794
87731
32028
97214
873
89687
53493
54947
33334
15548
82107
81668
81737
88694
15441
18430
54183
98859
71171
68738
10888
50801
43715
63555
38277
33274
15540
70132
13851
48066
75884
12240
74971
43632
4862
61212
27708
86360
48447
66675
70489
59826
39113
85100
92428
46488
68477
21775
91728
2708
91164
7445
24093
6410
22655
52882
47931
16725
25301
42044
23270
96428
48282
5166
6249
81712
82783
38923
21031
35721
44856
65689
92744
99736
81384
75784
76099
11277
59134
87825
75471
70269
8113
16288
10672
73687
30856
73462
88828
77562
12204
40881
93163
17821
69099
72533
37495
30213
18251
42416
23038
87142
9738
70171
64546
32813
78361
86184
53450
82929
95135
11372
26056
27210
31936
84822
38755
19157
18716
30508
69370
27491
64739
35999
76436
28537
12247
73219
72529
83537
11136
3495
11644
96215
96552
84534
716
46109
93030
21906
13760
38783
47797
9015
27551
81954
66355
31365
48943
76358
42778
21726
13128
63676
21451
44074
37181
32659
73299
32311
78978
20377
31961
35256
69267
27024
98522
70014
73962
57692
42104
62699
31353
2913
35805
28307
3770
98600
46841
29714
5284
26016
39800
32227
59767
25267
25798
64076
53137
19185
12488
99777
58970
38861
98373
3260
54919
1850
31134
27091
49831
42558
15028
18407
6472
84133
98624
7671
6223
4351
43398
28537
79224
38072
19528
13926
54225
92971
86234
10658
8588
11684
26849
71273
10486
98177
73035
1591
37110
85117
46173
65267
26790
85766
94538
27472
65337
26475
78751
37975
86071
65786
17946
16159
57373
66968
9643
53040
70687
87960
56510
10718
47375
69512
50433
63977
58251
42049
28449
71974
87489
42002
23763
26018
17503
30055
53993
71449
1257
71282
1196
33144
6841
18488
422
73762
94825
26131
89041
99194
88774
68935
6917
2178
32304
85984
96379
7218
38315
11668
56892
68754
4053
80986
40179
72
20044
18471
63467
51582
49796
50354
51875
12174
13293
80641
69381
60239
47248
75699
66406
78787
44582
68336
48956
33952
79053
32911
62286
91370
45315
19476
11371
167
24602
86881
81354
561
36637
74512
31700
72912
70867
9812
80673
18316
47088
90837
47396
9999
98375
12919
81874
7899
49370
44499
24124
36463
7832
38845
60493
3089
82295
500
14436
27521
71174
12350
52887
50858
66947
46205
62419
17295
73679
48878
21790
82366
28256
88739
53793
81228
79461
9006
17825
17045
31414
2047
80341
71371
92352
80373
60128
22974
46011
4811
86688
11274
4255
27214
23610
30754
1295
48715
93157
45424
4176
5065
85842
17692
99703
37349
17636
77889
69634
81291
20681
99834
40502
26668
81842
52935
25210
531
34655
54971
86416
84892
69129
26908
14613
42041
11339
37595
64191
26865
58259
20616
64537
26188
75820
91828
59597
63521
22727
5100
97553
89214
90294
2994
41431
95825
99985
75864
97023
16838
52449
31076
76309
39008
77324
70927
65775
98932
54911
76367
16199
87453
36976
82495
23474
50441
19613
13130
55233
58269
82906
50228
21783
59839
92717
87358
54671
97818
97407
29530
91550
44599
25435
93351
98724
94246
81295
32321
77502
82307
91392
55039
64599
38179
62873
5350
42707
11413
19129
73376
97029
61267
101
66549
28021
54424
166
33722
29172
14120
82391
55270
98717
22509
43288
74474
88509
93127
99824
16779
33552
10242
98787
35698
27901
97073
87950
42538
52954
78750
51101
10625
40243
15074
27792
45155
77607
96466
97386
14419
35410
68489
47091
26505
34678
80417
56060
14139
72112
77277
11952
44957
75642
4134
22242
25753
30301
11964
70370
30353
1587
7979
51919
53390
36993
95795
11371
19724
58164
23531
39708
93929
67180
97570
58178
47729
36573
80315
29036
46218
5827
15070
45655
46148
30952
11600
67336
84346
84375
94043
310
5688
34123
10319
518
98847
54841
28301
58154
27773
15058
85557
88562
64208
38871
22079
32425
78421
7981
45022
53978
90446
29511
80542
16799
33174
36392
80962
50277
37818
95907
95049
6957
52317
18961
39483
52996
60262
17054
303
91964
30789
37652
95036
33230
48177
87851
50373
82271
91813
41752
59850
69661
33019
56936
73751
30290
25328
72948
83254
65469
27987
36746
8853
4405
91279
86751
86290
80233
32289
12518
56985
98910
56022
20385
25952
62378
73530
76553
18358
72908
87578
45666
13210
57580
81087
15527
59294
25003
94504
28693
38707
77816
9675
28817
57903
47406
22789
16928
85827
88256
43366
30877
41430
52331
36832
70809
68045
43565
86862
45512
20868
53695
37340
5766
76446
73714
94837
71177
93924
55223
26384
71153
93734
20150
48008
1769
10584
24659
70898
65104
17519
68674
61551
18648
1929
70863
11897
42495
71490
48423
68094
31869
44503
90292
54707
86233
68747
57096
89885
27390
88020
99188
66742
46567
58990
99084
74095
8472
82264
18568
18501
61775
80852
24950
90872
52476
12473
79279
96015
71763
16395
66656
37351
60082
76193
29602
72772
30320
67222
95399
16512
27694
76708
10146
14590
33119
52885
38848
95413
21132
21235
47869
44712
75276
39498
78935
86390
76642
30235
90461
86981
96671
47548
17399
92643
15851
67402
88628
59573
87484
5556
99133
35983
58785
88839
75283
41039
31372
7814
72235
7568
24258
77721
86685
76007
13947
62832
80741
51269
504
74284
67672
55024
65560
56280
50323
3703
73775
80193
24846
91922
23784
20280
25679
51883
48042
26882
46886
60165
46930
88870
44591
35527
11911
28616
21493
78248
63111
37464
47353
60972
53842
83766
29434
55760
93290
87
8986
44896
40401
59394
81085
26712
76147
77819
28244
62656
12881
39262
14702
90069
44363
86547
13461
64064
89557
45937
53619
16934
31515
32934
50498
24175
31002
26755
64824
41788
99468
5857
94485
15901
86232
53710
34389
97430
17148
7146
84204
87396
45437
28439
12322
71179
50725
35118
51780
48324
73430
38450
35402
76760
7272
24714
2813
8639
14269
34956
29106
1357
84974
92612
89037
66377
18132
91167
69674
805
70712
27820
89268
96892
94081
78926
11522
79939
64476
73654
93489
73254
2001
91386
60108
40296
22425
36875
65314
13823
44048
14238
12646
26429
53553
43667
34180
16812
63841
13611
55931
45237
35321
63601
16495
34512
31615
69964
25200
81187
94392
91701
41289
71574
42220
28283
23464
48581
70656
81440
93858
55272
2080
21373
64839
76159
68371
10934
73831
78434
56190
69708
5554
83292
99215
25768
47376
77365
21004
56787
23221
22694
91740
82266
59420
35291
72519
98578
94995
45518
27348
70780
13609
8237
72086
73562
88457
91421
24265
78774
37053
78210
5676
19925
70955
16049
77792
63117
98214
19948
93986
93547
78636
53398
42783
43530
85843
89808
77859
73138
50483
23974
73290
26984
70103
76988
20932
19472
88548
18347
95497
66818
80258
55385
53148
8531
9651
45343
71062
88404
91297
78999
2234
69652
94771
30894
51716
83788
6703
49904
74953
27972
60696
16540
6604
36851
88530
41600
22692
89569
13227
9636
52249
4685
79454
17706
98529
16525
25943
78837
35065
36695
24190
12030
10404
82469
45508
29319
76886
34487
50667
56421
46026
17818
56974
97460
59144
3362
19916
98487
67217
37036
70598
94755
90257
54899
97005
12873
27875
58486
28559
41994
21879
8877
78634
20820
8277
93909
20751
95878
76486
79954
26925
13549
91242
93187
62595
44110
21511
50641
69761
90053
43481
22527
17093
21987
14116
48558
58834
65426
676
77904
89716
56438
21998
49296
23840
36450
78031
70069
70473
42036
15287
26138
12311
76195
69532
41417
85674
69274
35881
26600
56531
42206
37169
5546
62472
46282
44832
23725
37538
75070
59838
6717
77173
18082
94228
63570
18685
41291
42320
13462
78640
89110
9022
29969
27059
67907
67427
53005
76749
94815
86227
35403
32498
8792
20807
25575
11949
45328
23107
45613
14309
99402
41379
84650
23392
23299
25470
88931
79414
88529
44506
72668
27333
95396
52011
58424
74222
18869
54960
39650
46390
44192
47720
50917
90999
57512
88034
43890
50471
19530
98771
64406
67197
39072
23326
49107
25501
96290
88072
76390
2979
91140
27354
93349
56201
81764
11832
49832
41615
12028
41124
17543
96268
18986
48715
11047
56664
86119
47205
33304
32692
92295
171
7726
70946
68829
86723
12471
9749
59845
25224
29873
18555
65480
83011
57095
34634
11273
16299
49293
95550
15178
2884
47137
69543
83775
40614
46981
98944
14736
62694
89312
10237
41711
6778
59655
26168
6196
24108
86982
35908
40544
77815
8804
93822
83476
85976
46127
68124
35520
27846
80879
47256
98542
36513
79410
4316
41029
61108
73303
47943
44245
14820
34387
65753
3808
62239
79823
16949
41469
11963
1352
41689
66068
39890
21477
74873
13158
28159
63102
69783
32283
24552
27976
62186
2723
2524
35120
71728
89983
83736
18197
29004
77654
17880
95086
77991
57915
64909
66506
13462
46215
46633
42831
12829
77756
72200
12201
14813
56638
10998
18812
7331
6090
81914
64401
10358
97345
73879
51173
58424
73973
29742
26947
44530
34760
68600
6546
10146
54645
40110
54125
39429
41057
67100
24237
52694
63852
83346
55737
35285
61956
4748
4576
42274
72720
47755
227
84444
8299
98885
7222
693
35747
60675
87968
52318
6838
41524
42170
8024
39432
75521
7768
57219
27128
33250
80152
4937
36821
28814
74262
51333
14747
11981
46977
50941
47966
55103
93918
56978
87029
47774
48392
57228
42992
3246
85773
4022
50552
79836
47155
59146
70720
16302
59136
87777
76599
9424
19916
27151
64830
16093
99570
86938
57080
16965
35920
64616
1060
92902
97260
33885
33501
37669
44004
1439
35882
89239
22071
27865
45191
11609
633
18054
59701
57795
4315
92818
29290
47305
60048
78458
31447
67220
12953
10066
85818
7189
15901
79176
43802
78333
21638
27212
85092
10758
17484
60441
69555
6351
97864
38329
8127
59157
83871
54361
82082
71816
90872
42977
80875
57800
24474
89373
2548
53090
74004
17531
64095
62557
44122
71037
48222
13919
907
73810
17859
85990
1252
21503
53822
69138
12639
43395
69633
16694
32280
53626
75837
21790
77223
11836
70050
83841
12977
29824
69954
95336
63884
46920
49347
2347
36934
37487
5732
48834
31989
9078
20201
26756
39082
40370
58247
8699
18895
79755
4393
61165
17856
65528
3630
77290
82294
70274
83565
27592
67160
56649
40011
94560
12220
71190
59813
80591
96322
56875
8024
89726
63021
82899
10696
53948
68263
17484
21561
73414
37654
57201
18406
70177
39049
91400
86378
21062
38012
38368
87490
77966
48620
430
94105
59780
25045
33308
88014
59972
94579
34718
81628
28023
63735
71555
12842
24723
90356
84024
23380
68143
3388
2917
29353
92560
75730
29501
42097
19057
32217
60554
51931
97246
51671
59009
73227
98179
24839
67600
99638
63352
23744
67180
57788
25373
85859
28116
14299
66088
43211
15035
73645
67688
83480
1961
5000
65423
98668
5447
76822
73112
57843
81614
57326
61710
92683
69755
70930
99774
14217
28902
12314
51
18459
94779
8816
12253
85395
68069
13924
93065
46875
12383
35084
23565
58159
30927
63084
56617
62125
63371
9032
5190
95517
56398
79467
65945
6106
20416
18172
46225
99900
71595
16689
56409
57335
33780
40142
94505
3051
12160
1451
80747
87999
49467
85436
20758
26230
53829
84065
6322
55059
80444
65230
3718
22038
12640
34263
33461
18028
50492
17453
2406
81714
94089
14601
19344
48439
6205
48513
21220
94117
27016
48370
24389
37255
93309
86290
98127
79604
79906
14414
77282
57242
16962
82001
99320
74129
17593
58804
82505
73292
67185
26716
11192
79346
63282
8633
80510
34500
10266
63863
43208
91692
91441
25637
26205
57528
4824
60012
41821
53577
27139
22829
62634
63206
77284
96239
23244
9376
37097
17300
17807
51253
89226
42196
8153
75078
16256
55555
61309
15163
84563
25014
47083
61337
10555
41269
50851
47096
93785
76010
77284
93893
12262
52798
55774
54720
57916
89675
29474
98457
51692
37737
40105
38082
27851
98777
68827
48150
12019
60075
68185
10864
8916
73879
27443
90562
98366
40784
59613
72464
61946
73576
42980
35960
68542
32165
93473
3716
11680
30057
51434
67158
89572
18771
11718
1279
70074
60396
33846
93924
65313
96318
23993
88706
57392
64454
57558
93535
97614
57566
93289
21916
10550
32336
82659
73734
9287
39595
83000
12214
73234
14317
34781
15840
35508
56824
32666
98800
2222
38218
90602
47188
85640
21927
71049
71297
69255
62794
66261
1248
16721
35036
45045
57284
61432
32099
32718
89689
45187
30918
41779
14161
24492
46443
10625
97970
20878
78082
39768
97930
50182
32749
55981
75965
12174
41130
72070
80172
9369
76295
52786
71190
27395
57778
5869
35557
27845
60169
15685
38250
83601
14350
15277
45761
28122
54774
9660
47611
1901
80208
81987
89857
5923
13485
24044
43549
13278
2394
49770
33588
78123
31548
53033
95758
58711
95500
50508
50136
48330
66410
39868
45501
50339
87594
72440
26324
93863
41825
60372
45366
38833
77834
7123
33147
89085
34994
7199
88050
96395
3245
52739
9611
8612
25457
61837
97269
36395
86754
84020
24264
88955
2526
42489
95493
29361
74948
70562
14157
15378
83079
94152
77910
67638
67540
15319
80331
4307
53661
22237
70569
56648
60774
76289
53570
55423
68413
15898
6243
20901
92841
19363
80611
76825
94923
79746
87376
12850
26417
47495
14542
53019
12107
78837
75785
42992
47
17634
39961
31108
13942
56434
70127
44601
25586
35883
95616
79765
93645
54898
14626
18609
30684
95183
55922
80308
71457
76396
10376
28618
43856
89781
95965
49770
811
17054
85673
85518
52283
43427
7516
90964
63258
79263
10099
74288
32893
26875
36985
65175
82977
86318
61731
34821
70217
92381
82331
23930
668
22085
84618
21853
59857
19555
14503
45325
7317
94864
98860
92112
6001
68260
94169
831
78622
42420
52641
44282
34355
18524
40945
72574
84658
6514
65405
63029
93455
29176
67291
75216
61627
83035
8516
72286
91915
66579
41639
27804
35270
5124
24204
10377
72733
80068
85402
30842
71013
28131
34093
7317
19657
12521
20598
11410
14967
60265
98899
85239
54809
96721
34375
35669
57229
35383
47212
25811
15832
45618
32735
47752
14480
76074
5074
80047
71608
21385
95034
60995
40492
42917
33815
47096
95865
24637
55883
19174
52690
8758
61927
86587
64245
70318
30728
29230
56582
37167
23425
76425
37586
5824
41317
31681
43330
19343
1615
46859
67583
59159
6947
4864
73834
78029
46261
62333
49326
11393
62531
26863
23778
71297
33824
49924
47174
72993
23568
55744
43791
25081
89067
9894
83979
71934
37863
76201
43882
73059
92172
38816
30050
69014
82724
20940
65530
53764
65710
54114
86361
67709
41038
23178
95519
69295
91995
92460
38787
74391
97807
3095
59303
43048
10596
98891
12221
82482
82097
30652
46352
19220
97504
98538
12240
16687
15342
72665
79081
46638
57451
68291
30950
76951
44294
48885
36138
50332
86707
50690
37263
77712
72538
99556
59789
27534
24104
4307
3492
69671
91490
61769
30431
15100
77700
60577
48967
26166
46167
44643
46855
44754
78647
9597
24458
81107
81048
93862
50176
65410
95057
68298
65711
60348
25677
33145
27841
98234
38387
43943
36709
42765
78344
94839
40228
92201
8995
57851
15503
85935
16075
53249
74333
9447
6660
30425
41542
89213
86899
88269
93974
31663
29424
1702
18233
18234
88809
99010
76157
42430
79650
39509
3174
89815
67240
54647
97298
16882
61612
16979
88343
27285
7149
47923
83320
16547
9741
20425
48161
34349
4540
32250
49083
28006
8582
97088
73508
97775
69400
65258
55231
30690
1021
60755
18280
69095
44211
53703
33571
29939
95834
5582
91874
82109
49133
68782
26331
80465
18272
66379
64106
8819
24906
21674
5738
46333
73490
51613
43478
98843
31374
87698
35044
70706
84116
62786
57610
86710
48414
32575
53174
19053
98964
65605
79634
61142
34426
74087
56030
97591
48012
94407
89556
41784
92192
64126
23039
39925
47197
41677
7397
51699
72039
86609
2868
78745
22995
23660
43574
51460
97402
55267
59618
78562
50516
5079
30215
19415
19085
28119
80717
92111
5468
84163
64259
39499
16100
27586
23008
15922
44484
89983
26667
1914
62503
45499
27650
57235
39485
1383
57673
65158
48261
77828
96621
70406
91456
81314
18833
85083
15009
51284
17184
85250
37045
23256
69582
57213
24581
3998
1210
62459
93087
55562
59267
75955
82934
39033
6612
99507
68150
65732
92916
21751
49776
3380
12040
27685
86670
98962
44010
42585
54669
5829
73680
72353
57801
16768
18500
72171
96574
8249
60913
97021
88447
8794
20995
71753
42062
88938
77259
8255
36059
51590
69747
37501
92447
36427
52205
14853
51599
19058
70963
39444
41045
68746
12419
74995
54219
68682
5592
16475
16360
48978
93114
98396
35609
3276
43456
74164
67642
81852
35227
94527
83208
38861
6787
90091
20794
38151
76981
89809
7100
27323
61101
80474
62548
73105
48776
81724
11612
1174
37285
39766
72389
60010
70456
51316
26332
16816
46317
86312
95271
32455
22129
68089
96771
27932
13950
63571
81509
34574
38290
34237
93345
42499
5720
17765
57544
27524
3465
54459
88894
71225
47637
73129
27866
42601
4020
13675
48924
34316
96873
22420
63775
14860
56357
2091
94667
25724
7668
25704
15584
80295
90393
1037
13070
14432
84979
79109
3429
97118
35552
3960
76769
21803
38954
51879
73611
95372
42435
51481
8340
72217
39231
11278
74381
88150
74086
9524
92729
43532
44951
42578
12843
57280
73722
96036
85460
7603
41620
57064
49263
44882
60999
90131
80425
49780
81999
70615
39356
57825
62170
31919
30452
22720
67625
15811
78887
65459
68162
46697
75474
80610
12633
86587
36632
73916
62938
32981
36625
10318
54244
30222
42120
12485
81427
59355
86171
9412
3385
48975
41122
63889
5175
39710
12900
69071
18172
66265
52101
89197
98439
7954
33345
87980
40949
58075
23997
63582
22322
28648
24450
26850
6121
26270
27076
97098
14140
69374
4738
71542
13616
60124
88197
90347
42573
54787
17015
60452
2548
53182
317
60915
12246
30273
38272
16671
65122
90408
22895
59396
81747
69907
54158
46791
53445
48477
74852
87441
961
48710
54052
68919
82547
56044
47191
16484
92172
1505
969
84743
81677
62702
5469
26866
48101
57154
55772
96941
92665
73589
85264
95378
36350
81392
76168
29637
57787
25826
10228
73732
15007
67629
33595
86429
46022
81154
18190
35950
43430
29131
55034
97363
96991
5878
75648
28213
2172
563
46545
14311
89831
17443
43173
58586
64899
10034
87173
49980
26460
38148
79278
95693
80043
64833
14478
98451
14855
38265
59754
69829
27024
43698
28933
71264
94794
55869
904
15845
3242
18772
66957
25200
92340
41531
56684
46369
58529
40830
90990
17062
68248
90198
49025
58150
37031
35135
32895
71208
16011
34961
59490
96919
96938
37353
63556
31482
28996
93274
43331
7725
19972
11371
42443
55058
79438
21292
39887
23829
8861
58905
27439
7355
49519
13132
97277
44137
80937
69082
78347
75618
66357
53444
64979
9372
89036
89415
42288
60048
78436
53775
97185
77691
27748
17980
59365
3609
6261
22199
38195
34850
2742
80906
47586
63556
59023
49980
65098
32588
74736
32793
95904
62688
69158
67317
65775
24860
51869
99025
27399
77038
77397
576
46932
55103
17693
359
1510
26312
60914
16195
76448
51282
69569
4619
50197
28098
92480
58867
30628
99188
89217
53472
74
64461
11777
42490
37170
91995
54680
6026
15746
5074
19765
4732
46603
72614
28212
19388
29051
19509
24575
92156
25752
33918
47456
28803
31463
49450
55693
12428
71344
94596
91039
8723
97642
1891
6516
92023
45118
14741
31989
87981
50891
87113
19851
15018
66826
90199
10842
20447
225
19424
43965
67039
77103
78545
46054
91133
5192
39254
38943
65458
42021
20509
7326
51721
97764
31389
33554
87220
82381
84231
29717
77261
3130
55506
1692
12757
70355
1120
13901
39535
62375
45566
47205
40690
39277
97865
82533
20173
14462
91201
10320
94517
8771
59118
13501
27275
71027
2075
67071
71337
84535
62788
81517
26921
15603
71690
41447
21607
55692
7509
75592
51384
66517
95949
59794
48171
60865
18266
4975
34611
77027
70854
49541
72349
64128
98911
11938
26420
42411
18908
41922
20571
44451
60323
35452
90817
1884
25765
30816
37197
19266
43727
72119
16831
43123
91872
27518
1457
94495
64983
19649
65286
22565
20913
17103
26182
1116
38985
36905
96890
25244
36363
26491
49612
89760
44587
3075
20121
86601
67736
75445
96636
20099
84780
55818
38924
66290
52819
63714
36117
5968
19203
85817
41704
20793
16491
58500
99058
89091
66139
68831
53676
96934
83379
75119
33896
98734
49770
39244
74988
89253
86202
75240
39462
56034
82944
44608
51848
27686
97845
34571
48491
90640
62677
92185
70436
80418
86845
56804
837
62042
49665
85807
23613
54151
46371
3390
58407
1647
94432
84236
99895
43602
99242
51809
37587
3770
44847
47589
62075
28431
34810
37371
19023
63910
46478
71162
31406
58472
14981
23427
46830
80897
13754
43212
17737
39082
86962
87513
85622
56287
76372
35260
31753
48744
66632
64523
48649
70854
15382
63399
58107
26146
1056
1712
23800
23104
4042
74670
55123
66758
76180
50184
65851
52002
84648
87509
21798
13499
97567
29203
80722
54747
64900
4872
88630
51662
21451
29382
51311
49685
29862
87790
89092
95095
74356
91505
41245
41797
8006
77981
77663
98262
44392
43698
17492
89880
28931
83355
17014
75328
26964
30129
79603
19358
21479
65993
46903
92472
25832
59341
8069
28331
85133
19602
59098
23161
46553
51674
13176
36254
14045
6006
84802
75517
77246
52669
91249
65055
22288
41808
82879
35204
44057
43321
96749
30139
11564
60179
74214
24339
46863
34373
37226
93934
35743
71938
30303
22925
97742
72828
31427
68438
87595
82228
20745
73189
62832
41099
90024
43499
17253
88036
35690
93129
53658
16788
67184
49545
45247
63506
79283
46364
95233
55560
56923
76146
72002
15973
41025
92038
99149
61453
51335
81796
63711
96444
48974
1889
94536
48316
5076
92296
99946
65393
49288
65996
49143
20938
87299
16607
71334
64333
16309
25210
4658
48020
2127
80854
4843
14647
24627
40360
42228
89304
9174
15660
41936
70976
69372
95749
93568
46592
57091
4724
63952
66392
85269
63796
6419
55617
58218
70277
67834
79453
30505
28355
86065
19222
17985
19827
46892
21352
96844
89958
21850
20101
75879
40036
52125
52787
50111
25638
59869
3895
62069
47123
25934
1361
18494
66565
73951
98891
66544
16687
37059
35201
82979
30337
43331
76443
44616
48883
2775
93794
46265
12451
53036
76254
80125
70776
21392
95335
84252
53033
46268
74999
23844
53780
89494
66485
80041
1555
85182
52438
2130
94616
34379
10544
60152
68845
64521
87835
15452
92578
46279
3536
85373
14192
12441
47479
81114
50854
42320
80268
41772
62950
7429
95394
26026
56747
35810
63434
97381
16525
11783
95613
25704
60813
89250
99634
68322
24022
73559
3985
39865
10785
81699
78044
53451
62941
13831
26740
2141
46850
74231
5236
10035
76787
24643
47678
89673
2388
52375
44613
608
18170
49013
70419
4212
93750
32600
9830
86579
50341
25897
73466
26503
55968
57994
16003
97353
9526
60027
84129
8190
80128
91809
330
85107
45123
54803
61281
99876
58480
41642
34724
62046
68198
78025
84918
39090
69460
29367
80315
48670
89511
63771
88086
29990
94528
14345
5103
85532
70572
18984
38102
70885
33851
79
8066
94632
85282
73716
18067
22282
8642
98575
9818
13705
70361
59237
59110
37700
95269
35695
73605
6199
32162
9734
37515
73076
48069
94444
32559
98782
88632
71876
34719
94806
23593
26103
75189
28651
97297
90019
64656
14262
17762
27289
18266
42291
93707
27659
34206
57532
80637
96082
73076
28719
83805
74281
90360
12864
64180
56780
62711
59615
1481
64045
9960
74021
7139
99540
2562
64155
50527
38323
56203
91098
17664
235
69311
94067
45632
70017
21088
65148
92339
5897
90075
43481
83763
42118
58889
92128
86690
52209
26522
78977
95245
65315
76561
49117
14466
24735
64227
48390
37516
79665
22207
99996
99431
69425
58882
14167
92478
87271
14518
99451
70688
42406
62461
64365
60165
44855
71113
3615
41790
3757
48341
78492
15490
44502
4314
31417
11950
3798
97833
13628
82579
56990
90163
37975
7265
22382
45503
67203
65504
91186
58459
62098
6039
24772
89709
55760
96315
98023
80219
61908
9846
45989
15889
62473
68233
1122
82195
17326
78842
42285
74083
36680
84775
652
52378
32225
32592
64006
3861
92424
7433
33042
9918
66121
46231
78910
92259
74403
15847
30380
50703
54660
8095
53894
31815
86300
41794
67568
87398
65685
91950
38523
96850
2965
44381
51440
1982
17659
67911
41050
20899
60772
62718
37151
31330
33547
50415
75426
57107
16783
19564
95308
12266
6279
85123
53017
49673
59675
3999
6644
3621
14629
13704
53049
96798
19435
10538
48238
98347
35840
70061
35185
1403
73677
17855
80004
73921
81701
68466
17248
7478
66252
82623
37202
38348
77812
85927
49498
91663
51490
36123
95023
26813
40036
29052
36539
45570
95209
18937
51035
95322
49549
7952
17841
99639
35933
72023
93941
53270
64360
78042
16543
63580
78094
25999
32369
51351
4338
93380
12333
62886
4716
77480
81531
21084
77877
72467
18962
79207
63613
31424
68315
72229
19007
15911
5356
75308
47605
83482
34065
54671
1211
14671
99359
52973
32556
93909
97702
37790
74567
47092
41890
7397
22648
20566
39072
58853
46932
40585
96507
1513
10429
34131
80352
31116
72093
97740
3332
74497
23665
73078
74495
45673
84530
77503
49523
67878
80297
42459
55898
82175
34955
41965
59130
47707
72358
31273
21403
19737
73518
350
88127
51685
5740
66749
4544
66321
64946
93446
31116
42707
93864
58929
81589
49185
5645
95857
11452
37141
29616
26702
85272
93030
59055
20482
39397
26831
32384
25776
47005
1059
84311
67401
74314
92597
38538
39674
47625
62616
1584
42232
73259
83393
23167
30655
3040
19982
63575
69781
11073
39808
87719
98968
11771
34892
37262
87876
99194
1909
72378
66945
40702
34697
77424
47110
30718
71319
26527
35706
3163
26143
45056
45548
60460
76092
52512
97917
3387
94990
14531
90997
34942
53982
60994
33180
97347
53331
3869
59448
98513
29441
21775
19644
74159
99615
89563
64759
27933
28463
11446
33995
36401
46361
79714
89144
36398
7037
70322
29782
87404
32398
59411
88884
48939
21561
83641
56133
26382
70090
78419
16913
37523
34056
8546
19041
43781
30886
72203
67705
18571
65193
80888
8056
2121
10079
72504
28625
80724
47761
94895
46891
43423
87699
45903
76116
61914
96613
45501
99213
98707
32594
55908
89079
18000
57742
23604
6134
52662
89802
7138
20803
93086
25341
16591
628
626
9489
44930
34567
21073
24906
84952
30987
99315
39604
80027
27134
95333
65145
16413
75619
98637
31246
18495
47931
98633
11818
90439
99209
31383
20141
35411
41061
48400
30137
78071
39019
49177
28431
668
43110
8170
94010
91929
61152
97990
53998
59113
25215
42839
44814
12266
88920
36359
90041
68415
564
59627
17933
66466
30164
18113
47579
74072
41715
21740
44430
42988
85030
3190
17202
9233
27964
77496
54802
91668
56651
86516
61521
62517
68556
98773
67060
20012
4818
49202
10124
34211
45643
81099
4743
27531
15539
57653
58358
64780
14183
66507
14644
4113
3343
5105
21113
35846
4778
38950
51310
46945
74529
19589
20660
5201
19315
93534
30864
71268
10523
19810
5169
54098
93518
95162
76290
95225
35405
16404
39729
68637
9754
31152
12950
88261
41003
64685
12811
2199
65626
45439
61218
65150
92749
80199
89590
20645
60530
91809
90253
63724
76031
56526
40115
9800
45646
41218
15526
63150
50168
98220
8778
63860
6987
44336
32627
9540
8613
6516
38244
8488
59765
16010
79467
79918
15426
82186
82988
53654
6768
9763
98368
2379
76140
94676
83607
45301
85765
71472
49259
731
58240
74853
76554
56018
98898
1131
85465
70603
42382
40579
91111
53439
34026
75389
33352
18505
61829
56026
228
42168
85924
23719
96297
73376
35361
87580
75691
65495
4378
9856
61383
75216
54304
71477
68894
48159
35501
77162
3670
76039
99598
52118
26620
49232
3909
81873
4916
85876
64998
36589
96075
55074
83711
8279
17054
9168
47196
64088
45250
97033
73772
11812
58046
16367
19573
72662
68396
92978
97951
63573
27481
47822
63993
43173
83024
61134
79708
81813
54670
95666
78134
88385
98687
19456
36960
65269
837
73308
51717
40802
49867
43514
3864
48674
20150
43256
67915
34857
39581
34762
53516
12574
65968
60653
50248
70309
69371
13286
13397
27983
65961
42212
95843
34747
76560
4429
29217
23103
36405
31587
38901
22715
21556
6558
28144
65210
23746
23764
61392
95604
12743
26614
75813
65466
39345
54428
38404
90225
74228
44219
50564
67356
78827
63037
29627
39471
84037
81182
51996
84901
42190
94871
97802
10938
12902
30039
29662
71838
24787
56391
18354
1421
77169
89015
3435
12631
60472
68233
98406
82917
97544
32134
76243
40406
57971
14556
99966
8782
43119
24174
12711
6234
56455
8105
60163
46909
15679
72951
30873
88209
94030
87007
72859
25113
6255
51092
11722
12355
31204
94311
49861
3634
56997
21103
14922
57428
45797
16927
59083
37502
15185
64802
87442
72911
82083
89561
62073
95766
80536
21465
70918
13303
94913
44578
28862
7080
74546
93053
58994
79132
24356
75206
17160
53719
81427
3974
40865
92594
10128
93095
1738
17130
56149
34695
4078
58767
48632
46705
52704
29443
94531
48179
853
45486
7563
22525
85650
4795
35481
84633
86337
52724
82579
49875
33456
61590
59070
61409
62654
39170
60069
58957
16835
23000
55467
3682
40829
1687
88865
11738
31178
68445
33356
66403
58344
17636
76485
81551
91325
69211
71272
71008
33329
79261
73394
54567
83134
57523
56431
8506
36557
51887
50627
65617
90397
96449
21617
95795
19264
90950
72797
24584
86666
52615
73325
62701
78597
11520
5832
49330
88820
17051
3228
11017
14328
89807
85671
85372
59662
76289
85677
23833
81658
36665
37939
71210
71999
20530
47599
18939
18148
50601
86265
44405
77276
70022
16810
82103
32922
54281
29993
23547
61425
33881
31150
80640
43953
78414
17881
37807
79356
95062
27054
69888
90721
79787
27755
95516
59337
17299
39043
99541
20697
56718
96467
66309
26847
27375
78895
93140
90385
20713
14786
50732
43169
52649
93689
56122
42818
84796
76607
82776
90410
49013
29757
92680
62294
11225
43887
23660
85804
57207
72108
46230
36178
5645
33931
70383
86727
91677
38990
93931
39875
2954
29966
6620
1168
9417
34644
31807
30116
85791
24830
27671
23612
27807
61845
22665
43469
53634
28745
77074
76146
17090
77813
79672
70145
52854
67310
88118
10292
84115
23473
28726
9346
62376
34275
80963
25825
10708
34639
9006
86073
57531
34329
82382
65339
48980
65265
98519
66385
32819
64676
25359
18226
50375
45349
15046
79895
31330
55608
66645
48605
73058
31851
16878
24549
37604
6606
88629
67167
21541
39144
48701
8188
63256
57797
40994
94453
68964
84211
15946
52022
16781
80139
41574
2479
82812
77561
23835
13672
67328
54519
37465
37646
36702
49948
9072
67426
75202
35431
91625
70358
50145
80219
78071
4553
47903
21730
83382
4824
99346
3432
16350
71879
62216
62351
52379
75881
80155
64231
26647
94062
39103
90197
93134
76582
81762
22268
1226
3897
22713
57404
83286
41742
74705
45007
82080
78671
26597
16292
40630
84088
88328
45777
10676
30974
4002
80491
85082
99091
16364
69512
92118
23008
69917
52776
44355
96348
76598
96654
69943
73269
74151
97539
201
18009
73258
77171
50398
88123
99558
4622
38682
22748
20487
14765
36151
53093
52727
1567
94460
11152
48352
20117
3697
92186
63841
27512
97658
3927
65931
19846
45367
77317
20346
88001
87502
31994
74158
71335
83096
75158
86425
61111
18076
67947
13357
99604
34436
76439
77788
51628
91553
60810
12315
72284
38020
77671
85994
17980
32777
22822
6843
11319
56227
11811
74200
56859
76610
35759
82835
20713
20854
38482
79408
67424
97064
15172
88992
53153
82625
23359
54658
19650
30128
39744
79646
4816
31932
74772
41457
37152
51211
32824
88543
4418
27282
68424
18554
27993
42158
71864
43577
839
49993
59422
52804
43174
99849
71127
6432
53314
4312
2527
11785
25500
69542
44956
82554
70423
49504
28165
31900
82678
31918
9229
97605
51868
76812
74968
37461
35942
78739
88360
2575
44111
48366
92229
35800
39093
51168
36171
18074
96526
1181
40239
56243
33158
64974
16269
17354
41917
11650
74294
69215
80630
91764
28347
68991
70199
47080
95215
66422
33052
56673
7044
26688
47595
90197
94469
49688
66253
26240
35744
91267
81562
42577
40307
41740
10523
69652
79260
695
19635
81445
5780
1048
9918
85699
15265
763
36352
90062
81489
54014
15853
27281
24692
74418
72424
54569
18913
99452
15536
87206
99263
9604
58779
35769
57878
30601
5866
95077
48439
91280
23754
20600
70233
41910
63967
99542
86879
46135
72458
87316
51895
74051
88720
91906
31869
56489
42324
63972
35734
39911
34070
59538
87580
58167
89363
77292
90751
3646
25214
89412
59988
54655
58221
64462
98949
39865
6759
45699
22382
44093
73709
430
2979
10770
79125
19366
73443
19856
43424
15320
68841
21385
34120
18328
13015
77453
5529
40186
77379
78489
19572
14573
29025
96426
52523
64979
23013
72744
23029
9008
7059
78168
40409
72804
84490
86645
34900
23556
85034
32911
22538
28500
75256
38069
31524
88691
24461
20651
29319
22011
50729
58644
74820
18978
93575
60469
57322
93491
18363
69845
78179
94908
87125
4633
40548
95905
1651
99213
65665
35529
6672
44063
93388
1184
36151
6477
22928
56866
8451
16213
54658
11803
79025
563
33748
55291
9715
30172
15455
20899
39204
65248
46
40642
71697
3495
63187
55756
82785
7878
90835
98906
38292
97753
54451
9474
2865
4640
64395
69023
15203
66265
67137
21276
75387
36475
83904
55555
43544
37915
89693
5305
48032
50315
28039
84388
43549
64874
25772
1399
61208
69638
9916
67930
46924
730
62875
53042
75281
52871
48732
92487
39282
55751
95222
87921
67278
98304
91568
85730
94728
35172
67665
58231
2253
8094
92268
77475
60342
6124
52980
47828
17570
83450
25925
60653
40993
34438
95972
21182
35862
97130
13187
1537
20661
40916
43157
15987
50705
32102
29131
31581
42191
7438
74798
91962
15961
60265
64336
1495
77885
74789
60636
97256
56975
60533
19705
56448
59555
94464
94123
27440
80031
36847
66054
2856
89806
45701
29021
39029
32460
91077
73249
92811
24370
36273
79780
41603
26120
49882
41406
21971
79263
30066
66811
36054
73329
18016
3241
39050
37642
65241
49122
29768
49447
21184
40589
77256
32840
28199
16875
38167
55289
62023
81741
67261
91233
3326
74738
13762
35078
90544
24031
21636
29646
40447
11132
37598
11870
58293
33252
35782
97625
46797
42190
20205
51813
53133
5694
90980
17227
57685
55089
18989
51296
59931
92891
35400
33366
49002
77035
44402
31078
92111
18951
24187
23654
29141
99531
45116
45259
49203
36897
69951
56404
80222
10930
57416
22229
14959
84372
15034
29071
70629
33410
33171
34377
12115
29902
37726
37651
24542
1825
46046
10715
55534
67093
23811
73273
30156
64243
3041
87846
73362
67006
74553
57486
19075
79957
62814
99993
86181
5032
58347
96143
90897
60058
35643
4299
82240
28436
63240
59452
2202
72611
97121
43306
99115
50917
53903
27371
57640
33874
15490
5909
38770
59807
21293
58569
33323
68979
75517
67914
3413
17684
96599
53959
3882
36898
82267
60474
65230
61265
9588
39141
15601
90440
84828
24273
30534
90177
17127
19703
59163
36367
97095
76535
84403
66812
58763
52522
45992
79024
38199
80300
68713
86814
43024
66636
68647
57624
40513
30358
41977
15081
68161
25779
60930
57392
66688
23221
80803
45307
1831
63711
45119
69094
27783
72999
41208
98650
71398
45906
27860
59232
57149
62409
36895
12043
23528
62167
82578
11214
36956
79746
36900
29710
9694
10536
42223
14705
54595
23837
96531
11418
18738
41062
92288
96985
4523
82489
76981
55729
17390
68419
75196
49976
35682
66505
328
11997
97180
79265
91980
46559
89549
15747
55677
39127
51237
96848
75649
41319
88666
68444
68636
11521
18545
31136
16982
40444
41007
55885
94169
41485
97670
75215
74636
37604
81180
74167
83987
18866
77719
38398
67368
14703
40831
65379
91235
33059
48870
44983
73791
