58569
92785
71466
76661
73860
14676
54383
28334
53600
38647
92231
56350
95310
81985
18790
12472
76696
82944
35894
30666
31935
52088
90892
90508
17519
47315
25190
20473
98344
95443
63670
87223
38467
72645
75699
85501
53840
50831
31565
37868
68274
64323
40489
59192
97471
30388
64388
66125
39108
51363
85846
70558
68116
15708
98443
42056
23750
39479
83133
33707
33315
62572
97200
24584
28538
28811
68340
89513
31833
81170
95381
10413
56164
75735
38234
20232
62346
34585
35845
91435
66754
46396
51205
20110
98754
91380
19271
81699
40470
16565
59467
63664
47930
41031
14255
84332
14651
78893
15121
81814