52537
45721
53197
28178
21233
85779
15195
76270
23888
19944
69314
92937
41166
24257
16563
54493
61285
98583
15733
39928
71447
49352
76307
83359
52114
85654
74464
56898
33850
76825
87782
14030
60667
68022
81299
68204
81262
75473
55511
18990
48348
94914
79595
91222
57793
55220
25315
88308
35532
63321
88297
88974
75982
21075
89607
92735
94329
12605
85314
35112
58193
25559
11937
53036
50747
25334
29464
54820
92846
49939
82789
40298
67481
58179
24500
58462
85949
21421
18580
60318
78907
88302
59962
86443
22727
62728
47800
79425
91611
53738
95554
93444
70581
92389
24962
12131
25259
91677
94974
85347
64081
40710
30854
35632
55607
78230
60929
13950
68714
29441
93073
24077
21991
73726
78632
19113
51403
53917
49617
30163
22749
32755
54018
17055
79751
39987
79582
79496
76757
63395
34153
43649
39312
56656
67190
56327
26132
40512
24661
91522
91729
36234
48304
18862
83224
17279
66232
11116
50352
48075
38775
45210
46622
48932
49078
56826
47090
61190
22324
92508
77821
36491
37591
15293
77066
12656
90600
48625
63065
44612
69629
97281
45960
77258
35294
98187
51238
82534
37898
10440
81353
68249
26685
28199
47260
48071
96132
28654
11582
96880
51354
41162
52506
43888
66814
98223
41647
80349
57348
74168
61907
98847
54760
71203
71513
26199
23944
48914
59484
71015
73239
21364
68342
89262
30088
19302
43340
27539
56603
76128
94716
58493
28279
98492
16261
84892
53948
66881
24807
52111
82394
68690
90450
87807
50856
96139
30836
57082
46270
68883
33848
36406
36309
61778
93147
26292
45621
95076
39677
30073
65766
79041
61405
55646
97998
52441
62003
74113
59378
19994
95583
33825
91720
22279
84684
73182
42927
69782
10361
84464
59131
70937
22637
77247
88809
49291
47552
83060
94147
92722
62197
18787
68666
68759
34549
14469
87021
37758
80335
58948
18285
80948
66446
43996
98983
64688
13941
10253
66306
25677
32530
58629
89213
81919
80098
75650
22568
46954
14890
53465
80389
21491
55911
54738
66768
66279
11311
13777
29018
98552
50106
55988
20625
65287
55692
83417
26701
53298
11589
37575
24449
47030
73151
62331
53374
54289
21068
47544
29436
42722
20527
55534
88862
69836
63188
31931
95507
53628
71574
19384
15263
11010
26599
56766
84066
17227
16796
66818
38832
94099
51661
33301
77677
14410
36411
99792
14396
15232
69208
37110
67326
78607
99846
49784
44806
90260
65873
17445
92523
15317
10708
97374
12680
15542
87076
50721
49411
12562
34025
71806
95565
19501
56997
80724
70963
63567
18482
75221
88443
21755
13962
47844
77103
71147
18642
15429
25612
28198
10661
92490
32196
75482
56173
26057
84231
44940
34474
78953
38770
36594
94011
22134
51066
83919
97731
49030
27722
87774
64457
74658
38053
51162
96281
40749
11997
79713
49206
60595
86364
51651
29091
33812
56475
62034
59977
98379
88704
33457
28739
47572
39009
82269
62821
95634
77288
55049
55452
45138
77971
67519
90010
33836
98364
42006
77833
66330
54720
20338
51423
38979
82847
79795
71412
40422
93933
74716
57789
16171
73752
53458
44940
18928
96338
94731
11857
31786
78896
45168
15465
99232
14834
66081
37137
99476
99887
73901
90214
53903
71259
12811
97426
16197
41631
25112
86315
87629
15547
37413
82697
19597
81603
19816
49827
78352
12089
77731
71540
40772
22647
93991
35462
82196
10971
70129
15503
16828
96995
91839
25698
42971
25344
63927
92723
47512
62072
58374
78778
25770
13195
71769
36493
28065
19032
45837
72704
99778
47278
51396
19062
11228
88154
90479
34847
34484
92270
92436
10946
89976
83660
65910
47270
54993
81994
42095
31116
36506
28605
96599
90481
47612
46863
28807
59150
84938
37657
41985
17317
87939
70929
46141
52979
13370
61246
81088
91651
10370
53068
96879
13465
75704
17138
79766
25551
70351
20866
86217
77499
18989
93844
41277
79429
22767
13504
78531
91414
83411
90562
96583
67734
21025
15096
28307
86912
74785
17163
41129
86615
90694
10047
46798
26312
76184
42526
14202
67893
82674
52604
29876
58147
62570
64537
59980
29744
56733
53161
87338
67256
34497
41925
16933
51973
14486
89376
72643
71473
28981
87273
20640
46048
24298
54293
96496
45101
98586
16289
57495
18672
50755
19256
25825
25600
73277
70989
94345
92690
80544
33353
73430
24106
31242
63310
88427
49891
18389
23635
14079
81589
66723
88794
38846
32554
64995
25925
21517
72941
59172
80924
14991
83045
30554
19347
21134
30248
60884
81118
52530
97421
17586
37019
71568
76970
39883
43681
88460
79731
47951
12460
61391
43882
23477
93507
42538
68169
93838
96477
20358
46162
91838
81372
49207
40758
95079
98889
80792
60332
74540
17068
89000
52753
42396
58214
13376
17141
69074
32323
36551
53170
76118
58104
96394
23422
32220
32444
23974
20610
28944
12585
16366
75631
23647
97763
36205
74257
19804
52852
36369
23671
36759
34323
93024
86154
14341
71103
63388
22516
34359
74902
39919
57235
14718
88527
95561
68440
24775
91576
25126
78416
12093
42389
86871
49842
45989
34930
13693
64541
81968
56961
26220
67238
56900
89382
88959
75670
27205
65314
18280
29655
53269
38181
56354
50037
53465
95614
94938
37619
87187
37296
79004
50681
10101
66011
47142
43566
63065
81381
53931
96305
35209
80577
57413
64120
17099
86191
89818
22543
25588
42718
97055
34573
25737
98681
64111
26630
40841
93549
96471
62767
67109
59579
94947
84300
76778
63864
66895
59245
17312
88448
40875
98750
96293
69739
59945
48587
94875
44315
73535
74580
85988
50636
67182
56746
46097
97691
76260
87742
93594
47571
43078
64774
84888
40846
47788
19237
13650
85237
18697
34561
55814
80333
58940
26304
73358
32646
75793
53715
79975
73196
18203
42232
54675
58532
65471
96018
48839
87108
54531
67694
27988
72246
72901
62641
22288
36304
76934
37132
61751
20500
57383
26751
61167
77281
81316
32900
89711
68323
87849
36965
13483
34886
47551
93969
72823
23382
45701
93297
91674
51513
34193
12926
28300
56964
98697
44445
40338
76103
31017
56841
77167
47152
70771
20771
19220
47789
48043
87370
39814
74109
33624
52989
52555
82085
33103
67043
68089
45127
82703
57444
80272
37974
15371
49178
43933
46494
16427
90627
28958
47586
60696
47876
87955
53065
47635
23339
95981
83423
77753
65759
84336
96213
87330
42846
10314
49407
26492
62000
32681
68426
72421
96400
49907
41272
77556
27870
13286
26212
83942
99068
81000
17638
71802