58569
92785
71466
76661
73860
14676
54383
28334
53600
38647
92231
56350
95310
81985
18790
12472
76696
82944
35894
30666
31935
52088
90892
90508
17519
47315
25190
20473
98344
95443
63670
87223
38467
72645
75699
85501
53840
50831
31565
37868
68274
64323
40489
59192
97471
30388
64388
66125
39108
51363
85846
70558
68116
15708
98443
42056
23750
39479
83133
33707
33315
62572
97200
24584
28538
28811
68340
89513
31833
81170
95381
10413
56164
75735
38234
20232
62346
34585
35845
91435
66754
46396
51205
20110
98754
91380
19271
81699
40470
16565
59467
63664
47930
41031
14255
84332
14651
78893
15121
81814
52537
45721
53197
28178
21233
85779
15195
76270
23888
19944
69314
92937
41166
24257
16563
54493
61285
98583
15733
39928
71447
49352
76307
83359
52114
85654
74464
56898
33850
76825
87782
14030
60667
68022
81299
68204
81262
75473
55511
18990
48348
94914
79595
91222
57793
55220
25315
88308
35532
63321
88297
88974
75982
21075
89607
92735
94329
12605
85314
35112
58193
25559
11937
53036
50747
25334
29464
54820
92846
49939
82789
40298
67481
58179
24500
58462
85949
21421
18580
60318
78907
88302
59962
86443
22727
62728
47800
79425
91611
53738
95554
93444
70581
92389
24962
12131
25259
91677
94974
85347
64081
40710
30854
35632
55607
78230
60929
13950
68714
29441
93073
24077
21991
73726
78632
19113
51403
53917
49617
30163
22749
32755
54018
17055
79751
39987
79582
79496
76757
63395
34153
43649
39312
56656
67190
56327
26132
40512
24661
91522
91729
36234
48304
18862
83224
17279
66232
11116
50352
48075
38775
45210
46622
48932
49078
56826
47090
61190
22324
92508
77821
36491
37591
15293
77066
12656
90600
48625
63065
44612
69629
97281
45960
77258
35294
98187
51238
82534
37898
10440
81353
68249
26685
28199
47260
48071
96132
28654
11582
96880
51354
41162
52506
43888
66814
98223
41647
80349
57348
74168
61907
98847
54760
71203
71513
26199
23944
48914
59484
71015
73239
21364
68342
89262
30088
19302
43340
27539
56603
76128
94716
58493
28279
98492
16261
84892
53948
66881
24807
52111
82394
68690
90450
87807
50856
96139
30836
57082
46270
68883
33848
36406
36309
61778
93147
26292
45621
95076
39677
30073
65766
79041
61405
55646
97998
52441
62003
74113
59378
19994
95583
33825
91720
22279
84684
73182
42927
69782
10361
84464
59131
70937
22637
77247
88809
49291
47552
83060
94147
92722
62197
18787
68666
68759
34549
14469
87021
37758
80335
58948
18285
80948
66446
43996
98983
64688
13941
10253
66306
25677
32530
58629
89213
81919
80098
75650
22568
46954
14890
53465
80389
21491
55911
54738
66768
66279
11311
13777
29018
98552
50106
55988
20625
65287
55692
83417
26701
53298
11589
37575
24449
47030
73151
62331
53374
54289
21068
47544
29436
42722
20527
55534
88862
69836
63188
31931
95507
53628
71574
19384
15263
11010
26599
56766
84066
17227
16796
66818
38832
94099
51661
33301
77677
14410
36411
99792
14396
15232
69208
37110
67326
78607
99846
49784
44806
90260
65873
17445
92523
15317
10708
97374
12680
15542
87076
50721
49411
12562
34025
71806
95565
19501
56997
80724
70963
63567
18482
75221
88443
21755
13962
47844
77103
71147
18642
15429
25612
28198
10661
92490
32196
75482
56173
26057
84231
44940
34474
78953
38770
36594
94011
22134
51066
83919
97731
49030
27722
87774
64457
74658
38053
51162
96281
40749
11997
79713
49206
60595
86364
51651
29091
33812
56475
62034
59977
98379
88704
33457
28739
47572
39009
82269
62821
95634
77288
55049
55452
45138
77971
67519
90010
33836
98364
42006
77833
66330
54720
20338
51423
38979
82847
79795
71412
40422
93933
74716
57789
16171
73752
53458
44940
18928
96338
94731
11857
31786
78896
45168
15465
99232
14834
66081
37137
99476
99887
73901
90214
53903
71259
12811
97426
16197
41631
25112
86315
87629
15547
37413
82697
19597
81603
19816
49827
78352
12089
77731
71540
40772
22647
93991
35462
82196
10971
70129
15503
16828
96995
91839
25698
42971
25344
63927
92723
47512
62072
58374
78778
25770
13195
71769
36493
28065
19032
45837
72704
99778
47278
51396
19062
11228
88154
90479
34847
34484
92270
92436
10946
89976
83660
65910
47270
54993
81994
42095
31116
36506
28605
96599
90481
47612
46863
28807
59150
84938
37657
41985
17317
87939
70929
46141
52979
13370
61246
81088
91651
10370
53068
96879
13465
75704
17138
79766
25551
70351
20866
86217
77499
18989
93844
41277
79429
22767
13504
78531
91414
83411
90562
96583
67734
21025
15096
28307
86912
74785
17163
41129
86615
90694
10047
46798
26312
76184
42526
14202
67893
82674
52604
29876
58147
62570
64537
59980
29744
56733
53161
87338
67256
34497
41925
16933
51973
14486
89376
72643
71473
28981
87273
20640
46048
24298
54293
96496
45101
98586
16289
57495
18672
50755
19256
25825
25600
73277
70989
94345
92690
80544
33353
73430
24106
31242
63310
88427
49891
18389
23635
14079
81589
66723
88794
38846
32554
64995
25925
21517
72941
59172
80924
14991
83045
30554
19347
21134
30248
60884
81118
52530
97421
17586
37019
71568
76970
39883
43681
88460
79731
47951
12460
61391
43882
23477
93507
42538
68169
93838
96477
20358
46162
91838
81372
49207
40758
95079
98889
80792
60332
74540
17068
89000
52753
42396
58214
13376
17141
69074
32323
36551
53170
76118
58104
96394
23422
32220
32444
23974
20610
28944
12585
16366
75631
23647
97763
36205
74257
19804
52852
36369
23671
36759
34323
93024
86154
14341
71103
63388
22516
34359
74902
39919
57235
14718
88527
95561
68440
24775
91576
25126
78416
12093
42389
86871
49842
45989
34930
13693
64541
81968
56961
26220
67238
56900
89382
88959
75670
27205
65314
18280
29655
53269
38181
56354
50037
53465
95614
94938
37619
87187
37296
79004
50681
10101
66011
47142
43566
63065
81381
53931
96305
35209
80577
57413
64120
17099
86191
89818
22543
25588
42718
97055
34573
25737
98681
64111
26630
40841
93549
96471
62767
67109
59579
94947
84300
76778
63864
66895
59245
17312
88448
40875
98750
96293
69739
59945
48587
94875
44315
73535
74580
85988
50636
67182
56746
46097
97691
76260
87742
93594
47571
43078
64774
84888
40846
47788
19237
13650
85237
18697
34561
55814
80333
58940
26304
73358
32646
75793
53715
79975
73196
18203
42232
54675
58532
65471
96018
48839
87108
54531
67694
27988
72246
72901
62641
22288
36304
76934
37132
61751
20500
57383
26751
61167
77281
81316
32900
89711
68323
87849
36965
13483
34886
47551
93969
72823
23382
45701
93297
91674
51513
34193
12926
28300
56964
98697
44445
40338
76103
31017
56841
77167
47152
70771
20771
19220
47789
48043
87370
39814
74109
33624
52989
52555
82085
33103
67043
68089
45127
82703
57444
80272
37974
15371
49178
43933
46494
16427
90627
28958
47586
60696
47876
87955
53065
47635
23339
95981
83423
77753
65759
84336
96213
87330
42846
10314
49407
26492
62000
32681
68426
72421
96400
49907
41272
77556
27870
13286
26212
83942
99068
81000
17638
71802
10124
72192
24960
98817
31234
75713
58353
54934
35220
85768
48202
69795
64912
23671
20650
93739
49289
88570
37778
53626
19522
16657
79043
15602
20127
85882
49595
79950
16336
51844
17239
96372
52787
25601
52031
89932
99840
46489
82017
31985
91731
75080
74245
74951
88823
62521
80969
65485
50509
88264
37102
86219
31769
84302
36947
23652
53988
82751
82260
72540
86283
33549
36300
30246
32950
51836
22583
61159
52444
67790
13123
68881
30647
45347
26870
78671
60460
88655
55940
79563
65426
10418
37033
32576
95111
22344
15116
84642
74475
25057
51973
63483
47081
97217
84291
71803
26577
57771
66966
38384
33302
48971
54103
25018
38121
58682
69720
63624
59925
70659
11615
33226
51980
25701
55738
35905
79229
21589
23553
31727
94575
76138
98164
81412
44995
56254
43925
18314
52131
39027
67159
84263
17690
71051
48967
84524
14545
39594
88572
14635
40435
81506
52469
16670
91719
71744
96753
54332
59339
26309
24091
73312
40261
74529
39379
99639
61250
75844
72981
67046
76236
13818
31813
85953
33640
48749
57290
99610
16989
30412
92315
18866
13595
88366
14385
71133
15947
31301
62202
46635
19002
55464
88144
95754
51496
76250
66153
93954
80478
42450
19661
21907
86550
81862
92394
74679
49913
64389
84318
57329
11867
50543
34215
90930
71128
70302
88758
78936
27281
28912
31763
20698
55581
78520
97378
13421
25550
34765
95543
86792
70283
54838
17018
25036
68722
23904
36673
91263
73698
64073
88565
73602
12873
50598
82688
68048
83131
25042
77052
12889
59141
90286
16546
55102
34798
19021
10839
30417
34764
91323
24676
96625
98796
64784
69057
94803
54355
30984
28067
83571
84306
71529
40365
45009
40150
44445
94085
53047
19560
92166
64652
22776
31517
13841
23994
13779
58162
83583
94952
69293
11811
99723
85159
56803
56498
62543
88741
78558
49808
11637
73707
47330
69888
71861
59396
96285
45475
26643
61572
40419
50128
75828
93151
73187
36588
40058
33671
50421
53740
82235
98664
80919
31436
71131
75953
32250
77329
12389
97752
26710
89363
32779
61226
39952
46249
43849
40001
52590
69662
62879
99735
26624
70713
87913
80008
16284
81641
83668
67332
58185
17976
79564
20807
85408
42896
85229
25186
48914
12539
50804
49171
93664
40688
66797
72639
25546
23209
10804
14170
38669
65183
39419
65932
52127
34786
41955
34728
33892
56054
58649
51704
37908
17253
62378
74779
21179
53871
80183
51382
45743
99866
95073
86919
50486
80647
74131
24021
49792
64961
88358
41910
91834
85657
92393
15299
21933
59873
75878
77298
61050
56241
50235
17749
29104
76487
86767
61244
50321
89936
98252
13997
90606
34290
39681
47552
90975
82514
17585
14021
68396
94793
40980
24211
70543
39639
78994
33804
63144
76523
13763
23443
83498
12464
64846
15553
81290
23096
43464
85804
56575
86413
23136
21145
80433
16511
65740
73216
48983
23050
58068
58385
88723
82762
46722
14352
56260
11809
30066
49610
31393
82551
29002
95513
95820
27074
35295
54656
74435
56735
46656
13924
84140
60803
24564
27563
33940
26972
47427
30914
34946
50189
26248
57044
82326
92292
62713
93042
47987
73824
65040
58160
86420
35074
33127
32361
91581
65021
83283
43955
20182
56088
84917
48505
92270
49021
87451
78436
84696
15357
28115
66666
38636
98438
69783
38789
56568
55477
32078
37133
64159
88374
43048
63343
70942
39281
66438
56859
19268
48058
10312
80576
33257
94058
74144
54785
23828
67162
70690
75331
82620
37196
27913
22932
87638
81118
71609
50184
35483
27464
16229
24470
67734
83247
17442
50168
49675
32953
64777
97149
18387
12803
50958
44320
96174
27640
53006
87085
54342
17020
99256
10722
84129
50426
65407
82433
46462
30238
96726
79868
14539
37920
93470
83295
71765
65017
30587
80436
48029
90236
91589
87699
23251
98814
71598
16247
98468
49485
97674
28632
31269
77366
91632
98630
10104
50976
27892
47859
12123
43098
66558
26817
42343
56367
62967
82889
79322
30829
59577
79364
93148
86920
29511
23154
75315
40963
10227
19217
14556
82406
27565
36084
87481
79009
68423
94647
22230
95056
94921
44595
93876
39216
21093
55927
35227
16421
96889
99372
63955
97249
16201
38703
90476
59186
84476
79832
75948
69818
75518
72566
52829
84683
73691
36404
53719
40409
23573
38040
17762
47961
52841
65284
72358
25410
89388
18236
54336
76730
85022
38093
14729
22932
42953
11518
62980
92648
79638
22099
64288
38299
43139
67305
73425
41315
20190
14329
37536
25425
79133
83752
63598
47321
50035
33269
55052
22308
40488
17249
46483
83435
37738
30350
85490
39750
89817
84667
22559
11394
68971
94243
39915
23670
98434
13250
29856
37565
39547
83956
31011
91463
51600
49311
56086
29713
29600
29401
50294
67791
31618
59073
57942
34149
93365
57464
99843
16378
71764
90135
82979
94412
31276
32558
40240
10514
46649
23583
88747
97995
88179
33742
31081
37921
89539
11104
11011
49123
30046
76791
33629
57516
63731
66449
21837
47932
57333
29216
28519
25190
78857
48826
83860
72161
49348
31514
43490
56806
30073
41286
49249
29217
39573
22498
70161
85975
54424
58050
55381
67181
86754
17084
79032
38857
63384
20778
80106
24434
94949
89706
95025
69791
72017
96325
66744
68082
77082
96067
67953
24339
98016
95915
58043
67950
55173
56832
24213
10867
14782
49971
43826
54001
15365
67095
14904
10180
13384
44114
78741
81510
32177
12140
13342
45647
75413
62294
20741
66607
49803
37000
40452
66386
92763
54700
33201
22848
80185
10131
97550
24798
30156
89370
74050
22140
73393
86499
13858
80575
25872
31424
66376
54994
65902
87990
93861
99385
50664
34300
28296
53438
14596
90020
93498
53891
98750
39000
10623
82795
34084
75180
73892
63352
91815
96160
28389
47969
47540
92751
67085
52548
29542
33359
80776
79475
46148
91423
93073
91934
30107
13481
31539
32320
40284
19997
13508
32643
81106
99007
98861
96994
41657
13458
14014
58845
34354
42866
39106
63268
16779
63597
45592
22889
86713
54877
68732
29616
32169
37390
28657
88956
47703
81769
21076
47866
80736
29779
75098
34713
67058
93746
87191
47132
97367
54744
90696
48292
79655
90335
92595
61906
52867
94035
41627
76056
44172
12999
67066
13680
72022
10206
35237
54523
13132
60502
98505
47531
54373
25935
99797
33363
98179
48351
90054
60657
18598
24401
70658
98612
34691
41479
28602
62260
50520
20992
12555
81270
83751
72920
31049
52193
12026
83258
76424
51476
29945
37601
69471
46283
38268
58614
33692
52092
26962
31156
17550
43017
89790
33013
58511
59883
92791
12371
22208
18358
31471
71540
59922
24764
19584
65545
94172
62281
68386
97154
81666
18335
30827
36227
24725
48226
37202
77849
63862
16872
41467
19040
16483
57958
24005
55933
82822
49127
82357
27795
71901
38292
71100
57831
60688
39138
38044
45694
94267
15527
82173
26076
23415
27629
61549
42115
67013
67365
64713
76857
80146
63149
74444
26900
68515
70835
35256
88999
28595
21002
83734
82932
75565
83390
42464
67309
65477
65018
25699
19743
71163
74475
58364
29761
39684
19282
77493
86305
72357
72973
87933
24175
14422
46465
53525
92538
16910
73618
17589
30797
91887
29137
70097
70361
57986
74719
21935
78773
35903
90062
16002
28816
75431
83561
88046
47665
20266
28609
13961
70716
88560
41726
82139
19489
10999
76201
26171
53696
42684
25770
18551
11187
53967
97451
86046
54031
85835
94008
39556
23297
11804
64869
34263
55109
34185
31735
82895
58024
35739
92907
20634
82850
19626
45184
73913
66748
20328
77741
12161
28957
26390
98401
36816
87015
61905
96313
28887
68681
69799
87284
16814
58214
54292
29096
98184
33707
37507
61225
85729
40778
80570
68616
33219
85154
94376
69572
12055
90063
15579
38655
27109
74450
97418
71158
97302
38841
68823
81197
36711
85201
16857
37517
84588
42463
61855
67686
35859
58858
71337
22746
35928
68851
78379
77643
96583
63246
14822
25092
16499
14165
18165
42088
72801
39549
38278
25184
86824
16268
16700
44667
99225
41393
49031
17481
87071
89587
50947
73811
25456
72031
39118
37666
15255
73444
18242
18912
78941
95329
41691
84615
63044
76537
63411
86625
61714
42874
70477
29325
69011
55040
86709
37077
19861
87844
22228
61057
79147
94862
75442
53416
17697
45741
67052
29931
86178
35076
27862
32535
42214
10153
62402
61840
54569
49848
61558
37818
29108
67329
21077
22259
58116
20425
30279
53566
19265
97921
70281
26447
31089
17798
45983
57588
59133
74677
80284
14874
41821
74924
29886
88595
52999
52922
57826
49107
85269
67162
28428
51176
34403
90741
74375
89577
78406
26088
28658
36265
89032
34879
46075
98336
88730
88024
43469
87411
64783
43491
73514
91399
53947
52715
86921
60356
99252
53922
52871
28218
79512
75905
43367
14501
25794
34317
36643
75427
85309
49838
47873
35737
12636
34790
80634
25706
66582
17232
23408
53861
69226
87208
36982
94296
71523
56955
16782
68399
11233
70813
81381
33478
87212
72552
57060
67928
66564
57555
39166
19662
64031
51408
29447
98487
19818
99516
56278
43978
12722
14073
83312
40891
17967
65437
21009
30675
84867
97499
40912
62834
81959
52342
79389
87056
96376
73541
16387
45673
53611
96288
96587
93607
86765
32137
82607
78077
21483
12309
55054
96621
47552
16279
93692
71882
78243
32850
64527
96472
35437
42200
71323
11654
20153
16917
22556
29918
69230
81402
98419
60048
51429
17102
83934
92124
80487
21974
48867
87324
73307
61374
36127
95683
29878
60083
30308
16983
91675
66501
52157
95455
48007
11857
59996
23890
64476
38285
54323
92271
48346
72699
87233
13369
39260
14821
14589
80332
42436
15528
31087
94343
32003
15038
76110
38587
60856
37981
17409
28427
62978
84437
45221
31674
44924
31029
31338
15548
48072
30999
52887
26895
42391
19104
18413
88775
81410
21834
68823
42906
52996
65046
12407
95365
23401
82390
60467
37788
87913
21155
51079
52206
81284
28579
76623
44859
18689
81866
99426
92349
79493
89960
60109
93497
37919
57591
10053
27732
21402
13855
60158
13387
46605
94919
56601
28289
13736
57898
72074
64000
87475
82608
20624
25637
81706
20640
39199
27261
10060
75258
85841
15925
23447
29901
52650
19760
35568
39231
68833
42277
36703
53977
91634
35821
44608
89408
64071
47993
77340
34924
67114
77675
87390
15420
60486
91115
46946
47134
92804
18789
81125
12925
47875
26472
25089
71939
77406
21435
25055
89424
61744
70132
90058
45495
68288
82909
21855
59021
39932
53871
80856
57446
58423
71420
48550
22662
85410
17906
31419
91000
43945
28743
16892
83427
18427
46169
75148
43709
99920
64160
37580
82556
48503
17031
60156
75834
92147
41923
15204
17759
92636
42922
12464
14996
16065
12490
39989
15593
69879
59699
84749
20833
32183
48673
49789
79300
98465
19753
39684
21084
68780
21631
57681
51761
79966
62407
40202
14600
95427
37195
41992
92986
89748
46824
43442
11384
34284
88337
93551
58859
91759
89969
26495
83971
19064
85649
38987
59122
75050
31478
68362
35351
21901
59291
38479
84089
37694
95614
30293
99224
23485
37706
78660
82725
86631
48126
61231
74558
12349
89321
49328
83745
58980
19463
35788
71477
81055
76157
44289
39297
22934
45733
58949
33302
33938
97304
13165
11664
99524
41780
96451
99516
77667
11335
26997
66558
38558
94201
19545
60031
35115
78041
45765
50756
28042
84904
60906
68268
86997
42205
37077
27435
47235
95776
94443
85896
25454
12573
69543
59876
76903
56601
34860
36372
15272
91097
70076
79008
51477
89616
12367
16853
81084
67527
31859
99453
34289
49545
91874
93566
94388
33965
54834
77907
52796
86795
24557
79221
92804
20618
74596
21613
65513
69349
31554
64342
36261
15309
17386
56485
64736
77984
73100
77032
33285
53746
70514
57859
88811
93978
36423
15544
39226
82026
76328
46469
78719
68820
44196
26474
32503
76996
49350
62565
85704
19921
55185
96525
38527
23308
53660
45720
54345
43870
67917
28541
79818
20731
40828
91949
16600
61281
86145
56819
83198
58805
81433
18958
69615
44823
60279
96342
19567
99277
61666
63195
69203
43562
27144
32873
59645
54930
59081
41880
92775
95360
31200
67291
68303
50418
59126
49871
47877
21728
61381
27683
75313
47111
58053
34374
39598
90329
22775
18976
95624
23682
77590
26741
59431
50509
76435
31976
43405
85073
35474
33863
44990
73141
99384
82467
37572
17976
21869
16106
46855
38843
90062
27187
21641
28079
87008
50345
34614
72211
40553
67920
96720
34507
96284
92605
25186
84637
74510
66719
42630
78416
94255
86157
54827
57163
74549
27888
67316
74249
11460
35653
41860
80618
53755
91668
34128
41652
17816
61681
45033
68356
92712
28964
77808
10156
18147
43526
94904
78883
43442
49601
60919
25427
22817
95257
70798
50457
43051
33233
50781
67516
17487
42553
23231
23307
30658
87301
30536
31563
83402
13086
44912
91306
24298
21467
58399
61367
60001
33165
23486
36674
22591
72639
36166
51466
43006
70480
62997
74939
89450
25371
60514
29491
57730
10845
69942
76672
10185
27732
20317
19696
46372
11346
46406
50142
41447
73022
58394
99089
72437
84613
31133
27847
12016
96975
90871
81998
42501
59327
25269
80148
28900
23957
80254
58439
39559
12421
61321
25508
87793
40035
91628
90337
34779
90334
57397
15982
27800
84017
75009
62273
70749
30185
35439
89357
79792
63084
34492
31877
84526
24389
79199
32447
26183
39628
88880
41163
46346
39907
77469
39983
57887
42024
65143
80156
78309
62340
66752
54068
35148
72896
58104
23396
39997
21500
96353
36089
31005
87454
30419
69347
34848
66033
74131
11773
30381
24535
46779
62100
75268
93158
80722
95504
20814
23063
28899
60927
40844
43102
68975
34001
39686
98191
73074
55495
91259
74672
50329
44091
84002
66092
53052
53381
98378
30443
75263
31622
45825
80756
11426
54196
39718
93282
16140
98147
31239
93311
45265
82213
53941
19574
77906
13029
60432
59810
48415
43644
38046
52261
71336
61705
55232
52909
42116
37995
67560
91476
85025
45454
87699
61669
10615
82321
32662
60149
37920
92938
59095
23797
73979
73594
50901
16777
75127
36450
69938
94869
52397
77191
89306
58714
88051
43018
71712
26448
11234
14033
34362
71245
36917
96805
36392
54635
33218
59704
66996
49732
75034
22340
57941
58144
11996
78613
11447
95598
52404
99825
82799
96167
74000
42504
30337
93285
10928
35132
55690
14634
39064
35360
50184
56614
68439
57619
57005
45746
84318
11163
96076
94584
13868
92911
92096
92618
13616
48607
62428
24848
34536
53981
27926
14279
84731
15686
41274
64511
67841
15152
18024
45965
79397
90084
16087
14341
79313
30122
84175
52844
76109
83133
77733
93210
53339
19513
29939
15555
11056
64304
30943
77685
34478
64990
35767
76739
10072
93368
56610
13603
30434
53668
34402
88796
32234
69667
80855
18980
86850
45738
76057
77462
74636
25908
57179
26136
19641
10221
25763
62900
62014
79340
96747
10751
15953
52475
78123
26534
38032
68074
42366
28471
42990
72623
30280
57920
22682
49924
44854
34442
70951
84168
90896
51287
95359
53547
79876
65129
13416
83851
65574
59295
82505
95061
85811
95106
95113
68067
35483
83503
57750
76004
21414
39545
32959
43353
30464
86833
60207
24117
74507
31125
29745
73722
77567
78371
58227
53222
10925
48211
75811
83068
83436
87109
45122
53500
35825
52207
74746
72788
68834
36264
90536
49099
71108
52305
29409
94807
37948
77683
89943
90689
40257
98246
24065
52785
38848
62607
74688
96005
50773
20896
34600
31653
94012
38471
21483
11639
23810
64235
91055
56622
74077
24979
13688
26358
15094
22289
34862
57158
16371
60820
74338
47219
45309
30391
29382
69003
22007
67506
53990
83477
43216
52073
19873
20961
78925
38156
53850
68205
21025
56939
99256
67962
82417
72881
35487
33971
10192
87853
12881
39236
92157
70412
23831
76955
22677
26653
20299
69924
55081
38253
95763
27442
72556
46324
64241
79537
35051
98491
26809
77663
56969
47501
76276
86882
39847
27825
57451
33667
40387
17779
73714
91996
68957
79261
34640
19113
36047
52642
14947
55747
91550
94667
17261
17698
35195
13825
71398
36228
41651
40747
27006
56436
60320
46674
69724
35322
93789
31870
27564
30137
32114
99062
60348
39711
30464
63051
76512
16014
50612
60190
19885
46699
11480
35227
28440
14778
92071
73669
49350
88329
94107
56805
91864
60886
78818
28855
96802
88897
83528
16914
48599
24988
31172
86330
28093
90313
24139
19447
49303
66125
41925
69293
72836
11655
21408
17963
11493
92192
31631
75465
26459
11869
76291
32431
33026
88569
43567
69825
73901
70564
98018
66432
61969
53061
89570
59893
66591
51121
42393
21361
33746
12036
21394
42442
55183
65169
69063
35560
87873
54210
55350
24434
70114
57678
77718
97040
95206
83118
27690
24101
78907
48197
33711
68096
28165
24599
81579
32132
89135
99615
57395
35164
20733
46499
41861
67027
70100
28365
47744
32086
47335
17182
54528
41673
79351
57189
88768
61402
62136
78988
90136
70939
67681
43804
36911
66104
85920
68572
76407
36896
76236
84227
76517
39501
90364
17689
52918
28369
73315
56637
40899
74065
28857
41451
92772
23985
83228
15684
14693
83875
28485
20504
68802
57195
34045
24821
19490
67544
67934
11586
34011
32607
95372
33652
86691
16451
10714
47213
39899
15409
89419
98563
98882
27199
87316
56932
90340
27639
46467
23457
23546
71942
25794
24872
96975
37815
44050
32787
47077
66091
23389
29037
35171
11549
44075
11737
99049
90492
49775
29299
78771
64803
80914
79850
81975
73442
18174
40597
26841
18693
41662
72653
66914
66537
12916
64642
36469
22354
56847
54309
28399
71451
72473
70211
51324
44670
95285
53051
92154
59058
58867
45252
51555
72692
73576
70760
83825
98897
55568
45199
13321
98022
31274
55953
81321
27270
67353
87298
24923
30647
19116
74804
34320
67360
40879
65807
55840
80638
85499
35005
10640
48113
83056
50783
72726
20074
59522
10163
79374
95593
73874
44077
11973
10633
99828
90265
24340
73406
66922
26038
99080
55887
30640
93292
22184
44235
38892
59790
39521
75304
24171
27797
97632
36400
60516
53253
52263
84349
81656
15871
69008
62231
79423
92343
16581
32384
34466
22772
72693
14482
49824
20563
43423
62926
99039
17195
66207
99934
77143
35333
56335
49713
28611
72752
22396
95225
26007
65782
28365
81090
61227
98136
71179
60992
47049
68611
35893
28275
75319
90850
26604
17086
42213
98665
37676
80208
95495
41049
79769
85352
11229
48845
77505
97028
14767
61714
38165
22824
58705
11610
13652
47762
63613
11204
30562
63842
23397
57154
90482
10857
79721
19398
37758
77298
59565
30346
74085
53898
56609
44142
34412
58852
40017
55897
46641
43914
50617
48523
66324
30738
76829
65486
41031
51704
80572
55233
55333
75779
20834
74248
56412
33821
76141
26010
95123
94222
24527
17861
74253
22129
19300
70641
19463
55977
57451
75151
54130
28177
74072
74102
83576
55857
44636
16412
97829
47401
55121
87109
93855
80897
36870
58345
25654
67109
27423
60496
77638
63058
20923
17510
61166
61327
87114
28363
85123
65830
97208
73951
65199
52756
93151
89968
27596
38695
47198
94022
54760
17333
57121
15119
34583
84096
60142
93423
57345
74835
93295
44891
24687
49805
37793
44305
93431
57937
93135
28958
99200
71826
58024
23016
71991
16287
94291
76447
85389
58532
44830
74877
73440
23850
89332
96767
95160
27865
94059
91768
65013
21714
21327
96076
84120
77966
84253
90330
32195
33967
48950
62539
74767
10103
34034
83987
94528
28003
38668
81610
76104
23381
25906
15653
15042
79173
95849
71487
86446
69040
27868
67003
80469
19653
94050
98078
67411
75789
56688
89967
28179
51429
41184
97954
73162
93267
58066
36774
11726
21622
46986
92950
65405
58438
58059
32268
72530
51821
89251
57985
68880
39856
10898
86611
56125
89381
69104
44456
24306
21611
14731
61502
11674
75688
47233
95441
98269
20219
66010
14206
86922
20366
90541
88680
36868
21750
78085
58686
92918
58560
42610
37168
81695
75669
82062
15366
85565
11023
49003
69595
36934
43218
82022
16426
94945
71534
91605
74545
66133
62786
90131
76753
15746
35160
50983
91359
77984
34200
95433
33906
37499
11259
48661
78222
45415
92242
18910
56013
39071
26635
14066
59132
27509
12971
94906
55006
85880
87834
13130
51070
40033
50084
95703
55167
69772
24321
36106
43204
27646
33478
30086
65710
82923
11897
95362
53216
94524
49524
79837
29322
37072
38961
80990
18779
74146
63432
98076
53914
36575
30740
36140
71895
45916
83159
14205
84649
50466
10639
47441
53800
20733
75180
51439
85011
45294
65493
79965
94827
66019
47010
96383
59529
55682
80656
27201
57270
42961
74749
96101
23869
26741
89814
36339
19815
15627
59914
94389
87254
37415
28595
90691
67693
27916
62763
26096
73215
66984
78759
72832
20340
28328
11122
39502
64634
40787
69448
75641
36851
27035
12860
42183
58716
47521
93515
62140
89693
12261
45473
87302
46638
20294
59539
50936
34643
86109
60123
56003
68419
35754
58143
58998
59970
59700
92075
46947
80316
92413
12158
78417
36041
61488
44409
31605
30182
44370
71435
92938
14085
19699
71597
10786
54602
51052
43301
64500
74579
53304
88242
52066
24723
52299
88053
42257
21124
80811
23476
41649
27413
47505
22242
68048
29305
16959
42109
73795
79086
49892
86001
36948
50166
91089
96101
95629
49651
76729
91568
61351
29829
69684
27515
25712
52905
20375
62346
30522
57148
11334
56040
56983
50059
12391
87385
12772
88144
94985
15081
12261
19901
77038
90506
39150
12732
87781
73051
19213
87492
93699
21286
60175
74933
60187
41568
30639
92579
34377
37772
60484
41249
73270
43042
10979
89345
68279
44044
27526
76013
98202
94107
24969
76560
44992
39514
96446
82341
62327
74409
41529
37127
46802
67787
81327
21233
15388
16412
55671
78819
33936
31643
28055
66088
23109
34178
23727
10138
89840
70620
72852
88934
16117
25736
44070
27657
28869
90975
90597
58288
80945
36197
62404
58423
89617
26320
25013
51051
72557
64927
64041
13229
14589
99200
74251
93818
62453
89370
88082
29908
62346
49772
54158
70384
83259
87191
53083
82299
14304
13523
52306
80745
47654
63514
70177
45641
46492
15861
22346
17152
45088
15133
42784
43452
33197
71202
60509
16553
39071
48634
42387
99356
88662
53828
49403
38652
58499
66446
47475
56507
78821
90961
30359
74606
11728
66316
51089
15185
71846
58384
40412
79268
12222
48905
92862
88007
73830
44513
92005
69887
48753
23883
40711
48148
65215
22413
34069
62208
62540
16976
37280
33456
86278
92868
76404
26497
40424
28976
25652
75309
37397
43664
95089
68525
78295
57119
47646
66027
19791
98338
74438
72403
57312
64785
71954
28820
24871
67446
25674
17049
30466
55781
43701
44721
24034
96363
51810
69304
28591
75780
70275
55185
21205
76545
13017
56560
20196
53347
70650
60256
89216
17604
98676
85005
61586
33018
49789
63179
74581
37003
66152
81332
38616
22691
55927
55461
37849
56686
66564
63897
73204
33846
99795
56288
35020
18768
95440
80649
68881
39711
57983
79870
45647
26984
31465
46306
86556
90986
58073
16356
72725
82546
29907
24955
59905
18634
49074
22428
37522
17210
78911
34974
39419
19950
87648
84866
19991
81343
15699
22129
88897
97162
87497
89354
16728
50247
99880
58509
34896
42227
21644
40761
58962
96078
84181
60610
13530
60432
59014
36471
11646
78588
13293
65863
73997
59254
25736
43494
39166
83237
92303
41171
84478
32397
74626
45826
89882
97584
44932
89126
58669
15136
79642
43657
70318
12219
54229
74196
12728
18485
59076
84801
14542
56660
29296
74662
36718
59333
17265
67464
38338
32543
31662
84979
26960
79811
67215
87270
31460
37935
85821
74262
65482
14560
75581
18098
35757
92681
54199
27048
46120
44032
44669
59207
74237
55667
10087
34054
50281
21236
50392
89620
85964
26766
99919
35299
18552
85481
25768
63557
69206
85812
42765
56982
54426
50597
18139
14052
37492
83769
82983
85145
85268
20865
37696
48597
53539
36083
88355
19272
11276
52419
97071
23686
91911
43833
61793
38744
54568
37677
53235
14193
20258
42936
16385
89813
16656
32081
81257
39995
33300
95472
88007
63573
91859
32134
47543
97065
88351
75857
45972
62734
32235
73441
54555
94355
85004
78745
65469
52265
10001
83111
70685
46209
54095
60119
72825
44220
91970
26615
32989
11666
96219
97286
24769
82574
51040
21903
39972
81912
66580
49781
60055
78385
42838
15896
86743
23746
99051
69822
96875
38783
38869
29792
48890
24744
36195
73431
91948
77242
85424
16610
46139
93596
70351
56528
16205
76975
54160
47715
39369
16874
76087
21699
74656
78465
93664
69784
80505
14891
50203
54024
12274
15534
43953
57946
90439
72781
80320
71213
49968
20872
21394
28967
48114
49942
52649
46463
79263
53830
35709
55930
87453
14244
81037
87876
89857
51053
78157
58411
14697
13462
30657
48031
10249
31884
30722
58918
72997
68361
54442
22248
18862
96878
81116
91974
17303
37948
11472
94841
32518
31792
98176
43828
62405
28407
91463
27247
73342
87151
62199
22044
12665
37211
32832
18963
90452
61817
45441
82665
64895
21044
85066
27384
87430
12721
11803
14180
92421
48772
86959
81215
71322
73746
72562
67210
93046
59579
27178
21244
40280
55829
59967
39185
88480
56319
89718
75561
66393
44841
19527
17781
75268
99126
72831
65166
38018
62876
27803
17502
43743
47979
34876
60879
74742
67589
75342
15004
44424
50877
72108
30519
77651
85143
44401
88572
40035
77684
78306
22736
92929
54724
65015
81619
60283
61364
64486
30221
57936
94582
57461
65833
48589
74863
82759
30259
57119
78845
63340
40905
62242
70254
49383
62156
49168
61429
69299
24511
31373
24298
46367
55794
14939
83144
91604
63030
11660
35906
23914
39236
15108
42165
56886
40798
19848
56092
77375
42747
30319
26965
62229
92375
67440
15218
15720
21073
11725
65004
37415
65454
56952
19304
39277
31244
11676
91767
73404
52209
79992
40855
49358
76951
64811
41001
44876
20934
79884
72106
10315
82222
63945
32609
85802
14911
79026
18006
38522
70272
24424
77510
86432
17232
57450
60691
35448
24381
36683
43530
34873
30206
29382
10394
47891
62474
75794
19046
66793
24842
88974
58453
42843
39120
98852
88962
78967
74680
68710
96429
99878
76794
78421
72390
95362
25392
88431
35785
19408
43522
55638
18586
36355
80708
67627
52946
67841
35661
82927
45819
97317
96995
24344
61946
81876
43845
18888
85329
82571
29738
70538
84956
27332
57672
70774
63879
16611
11051
11782
84550
75214
13375
10088
95809
82185
55039
47939
97146
21054
93263
60630
66864
58075
48014
60383
40606
47073
86766
85121
48687
62364
40190
20936
15044
61606
15613
46410
98443
38247
44293
51416
63927
50431
76890
55144
21225
79999
88915
72773
64507
45847
21037
61727
34132
50917
85841
26715
43341
27128
74321
79506
92955
92981
48408
79733
42949
86550
72760
64501
33200
31720
28741
70649
16931
43656
17652
97400
91802
43635
52492
57449
42736
60026
22714
28457
23375
46313
90223
41544
28064
89092
50519
53094
42574
12507
22245
57425
92232
37657
53890
59329
74522
49428
55302
13977
56221
48575
90832
28937
56128
15709
79299
91774
43811
39705
57847
78423
49378
37985
94640
51902
53772
71970
15397
91138
30082
48845
79578
97712
15201
45913
34103
98983
63831
64971
11644
17659
52013
20590
48024
83819
34888
78599
44281
47165
38975
40469
66490
55413
12468
95199
25958
29230
91626
89829
77398
53368
90120
27861
96676
86720
95544
63880
80675
96304
10043
55944
18349
65727
19891
30683
48366
22861
48668
39594
44917
81467
36436
63013
23998
63626
43430
67558
40238
47671
75380
67573
77052
66940
90700
67331
38406
74007
59600
81191
15132
21445
31068
96187
13113
19884
86329
63794
21449
93110
67088
88694
57999
94328
98187
66964
69816
81388
47228
76677
30862
67992
21027
34246
67751
43477
80148
61901
22366
64483
66570
45326
38325
20641
30568
17290
53521
80304
83269
98512
80739
61363
46877
76717
46612
62518
70027
12064
70102
33776
71915
68603
18335
34261
30978
21713
20833
54637
55875
69217
92486
53802
18718
11852
58151
57222
18250
45410
21339
68736
60895
12901
15262
42226
89245
41562
33555
40282
18901
48587
42663
85479
10744
33288
92897
79201
37240
89995
24927
36294
71105
83679
99931
53939
51213
62592
35213
93799
41685
24239
97442
32168
73312
79269
69121
27062
73283
77969
51629
72757
80664
33909
16897
15454
64540
35623
91007
46349
67472
85648
35453
82120
65356
89594
98889
69880
72580
77274
35794
59728
36406
88066
69255
97131
15287
58498
44407
12145
68447
79390
25741
55975
41312
57666
37785
16476
30601
40769
45791
79775
64533
34039
84456
96291
19124
79583
38523
41407
19095
23311
97303
30259
23579
64852
12601
14856
95322
72961
25205
73888
59566
40353
46190
38052
26309
10336
88599
14209
55438
37750
37845
44685
87839
95085
42171
76298
89118
59960
94696
50728
22096
73474
38210
13608
11054
85922
26753
22001
20438
49646
52343
27576
71003
22952
33398
26580
79250
59893
30616
96225
40138
15826
92107
56676
68599
89871
61507
11543
74967
20040
97278
38881
87913
40316
15145
99803
29439
57627
63833
41711
70244
92502
12654
33195
86383
55341
67071
53673
45208
76980
24257
80243
84280
21778
13017
68075
67464
46422
65435
75382
94030
49011
97225
82557
75956
32714
80223
71940
61374
51425
39015
60110
34539
53579
58105
50644
72730
41590
45973
55352
38434
33935
54253
90661
65152
21087
50246
29938
26460
38666
48638
61151
26754
11676
84536
72482
73979
79579
35400
52950
92733
64119
41278
23385
93943
89302
91842
84034
20395
61892
64657
58777
12359
65847
84116
71468
32476
21964
40329
98496
40548
77291
41397
65516
39813
94965
80209
11290
76950
23994
15940
66759
87322
62938
53797
50998
38094
32976
23702
28179
69879
50634
45372
15259
11088
33368
72355
90213
10407
60350
54761
27858
95165
22636
93462
60978
90699
29876
73407
56596
18839
22077
38782
68893
74184
49597
94812
61506
78244
22787
11669
97040
14669
81611
42929
95651
59276
82628
42822
45318
59993
74124
24002
11350
74502
42845
82912
36618
22793
67131
61412
30897
89737
30046
97785
57142
85973
21280
99382
20077
63093
44263
37184
25831
43203
38189
24101
22488
10355
91580
70413
84148
64988
31172
82427
54553
75129
17103
55893
30040
88158
43166
65858
12484
47850
38718
83463
64222
82515
61280
25080
40149
19766
91196
28483
90041
86693
43385
76902
46160
75824
57343
72031
22250
75344
81691
25666
64517
44946
17976
78659
73751
62310
72208
37365
33032
16442
95960
16543
19105
58887
64224
88056
49951
60135
73676
53186
18192
59119
16663
58241
74411
69089
35230
82223
44368
69861
96072
81463
17906
51892
61828
49843
88769
98933
20072
79942
30647
82389
23082
91470
68926
91890
39043
81712
71187
23889
30876
81247
67987
58013
84632
95084
17339
32653
35915
14398
14887
70519
37002
17166
20311
19079
52755
55690
83544
97448
46855
89612
62932
82400
75269
66863
50252
54088
37739
38240
75302
34093
28591
52459
18267
87725
54620
78034
42585
96164
33828
10122
35089
84042
85598
68899
72237
17425
91309
34235
84082
67508
97610
57493
25847
81390
85932
32332
96955
70297
93450
46934
86914
46340
31294
22190
82101
44523
68832
31093
21826
10133
71585
75032
62244
94737
41165
72002
84640
71548
49634
51480
58122
39667
28120
47504
13234
36159
66451
90342
90141
96636
64941
10933
23102
80185
17501
60224
15375
15624
68763
49567
92669
20399
77055
64329
40551
23295
21621
73369
90643
78729
61499
54743
68102
84857
48729
22013
37552
60491
11539
29921
61375
49697
31927
64901
47327
85599
78028
11013
15770
64743
68661
82126
59212
14058
20869
78683
73140
98076
67359
76331
75670
35313
31154
25186
54371
98342
23036
42698
16791
96964
44778
19958
28362
87472
72116
94447
13864
57654
25886
17012
42182
18849
37292
69803
53656
10223
46159
51686
94374
40441
38512
48253
63847
53643
23510
89495
32019
13711
94864
50598
45873
12306
81925
93718
21756
92517
28585
10827
43030
73648
59862
71291
60846
66826
79944
79709
93413
76532
30931
73077
31758
78866
44511
18188
45063
44204
51851
61416
58606
16849
34057
25231
27034
27511
99788
67332
93813
49127
68111
15922
56711
95280
41286
64279
76314
40505
92333
16356
13394
68810
38275
40750
35679
26375
53637
14955
68852
80021
23752
70835
92174
21825
38623
13452
37645
28857
86824
57956
56627
10063
91411
88761
40747
36836
83796
72932
96444
11580
84102
13098
87001
49959
37852
41422
69166
70417
13168
13687
78502
22291
31752
72095
40489
32377
96097
32943
17442
53411
95532
86136
98615
63827
60300
17283
62728
20647
17594
84272
25596
75912
57374
82269
48461
76555
71680
67711
40211
73650
58389
57602
48492
30417
52561
92067
42165
96804
44819
97684
96656
37336
63441
41125
11659
41921
24265
83781
94563
37817
18414
32435
92224
71400
71412
19489
99109
36761
11043
59650
81699
84418
60953
61980
42867
79949
35929
99960
84690
38137
99622
91721
67011
24927
16352
22750
67237
32765
74348
96416
76887
33298
50035
27815
85286
72200
44739
87243
25397
10157
37917
80061
91012
55102
29489
28538
14671
21436
14225
46723
92897
90640
29970
52366
44328
77405
45284
55176
63096
92094
50034
32114
98801
24225
34997
15897
58522
57631
91884
51501
10231
44010
71774
29702
69384
25660
80209
66121
28960
73438
90336
96304
55882
58964
50854
37124
59956
95993
10299
65621
57334
25022
10583
92979
93527
78838
26511
33969
79228
28878
20622
76430
71657
79651
92382
50415
96159
77854
86796
93769
63957
47201
86889
65686
54310
10561
32795
88912
20461
85666
10293
19305
39004
12118
14096
61857
77609
36773
18384
85872
56418
64212
14140
90302
22367
10509
27178
36003
69320
95801
51225
24142
43056
59088
90071
61636
60465
32333
85529
96975
75644
35990
81908
90658
84770
45498
17099
40032
21987
55802
64760
44235
51267
54555
10804
76311
66043
43088
39363
67628
49555
37051
23810
21157
46264
38291
90591
22913
25106
34180
74713
91883
15559
95158
36126
71496
17039
65373
35598
88293
36982
74269
77791
32753
38886
51099
71888
69000
42364
74896
94635
80210
54284
24382
78245
20095
15502
97319
18465
76814
90148
37316
87082
89967
13031
28546
91339
33711
39387
59829
48563
43363
83552
32127
99960
59700
24517
66191
79608
66942
49601
47026
30303
68525
20551
91964
79438
21313
76254
37620
57508
82910
13281
32873
18579
70337
28022
91572
15420
57156
47404
78487
71251
97617
98915
79811
10065
64584
97826
79477
39840
75719
41631
66853
46815
26309
24242
39938
56318
50719
99516
99447
74786
51624
29382
55286
17818
38423
80985
86851
12189
20139
95116
97273
23714
81035
53202
73663
53608
83223
73727
52569
52096
57598
42918
85275
76149
62203
69191
94475
10454
21116
65810
33877
41278
92251
57257
18518
32336
68885
17962
36660
37043
84874
46381
41184
89627
61956
66392
16355
89589
73660
39518
64076
12836
74428
60086
30435
14399
48588
29647
50991
19633
48548
46649
77339
81891
77858
38177
33903
57401
72393
96750
59576
24952
93914
11136
19445
18842
21836
77822
79920
43656
67820
46362
71268
59350
86591
21833
97811
94218
10332
42072
34702
21097
98425
67817
17988
84323
53824
31903
26434
29197
32230
63314
18251
27883
29031
62960
47963
63853
27441
96347
68291
80334
79487
25924
63805
91001
17515
77263
61940
17710
59706
46873
68310
24234
91341
56353
79831
33215
57908
58017
27704
74508
24366
48969
27888
50402
19683
18653
92303
98491
99951
44438
61317
88651
90330
49265
70281
86964
98340
22120
54054
26555
72410
28569
11283
84854
49035
89056
66683
39379
85364
52617
81495
64281
73641
63175
71271
24900
44132
18526
44352
45768
62981
11606
33177
29340
51132
67671
86300
23608
25485
71910
18588
12867
17137
64700
44799
70358
48885
52811
62677
96185
95040
40076
94426
18321
49052
38146
56530
71670
43415
19073
50065
49950
12212
88657
64487
93088
61149
47181
45639
17331
94987
97344
27213
77561
42232
40254
31355
71584
48263
92606
41228
97684
70989
52493
26301
14961
65497
23091
86287
44839
60940
16202
56847
60738
35994
13387
79268
39896
26475
89611
26224
93738
25328
76347
53494
48943
81649
29187
21540
47391
98171
31671
80994
72751
86935
19452
88435
58052
70988
95963
75010
46545
64273
71334
83122
10380
24531
46791
67871
73534
31852
69893
61863
87047
88939
96760
99721
24575
92092
46400
98956
66748
72507
88758
56797
90150
85430
86563
52110
19237
46553
71993
52408
85845
17019
35171
45783
71248
15073
35041
90367
20746
48145
19492
35580
53667
62587
94855
71317
80523
36896
28964
86478
71606
67172
89571
25190
51114
13778
36002
62523
73175
75321
48506
60467
13863
18324
94939
46303
23466
37928
27233
20767
72744
24419
55294
85057
85478
41257
46384
22483
48131
61161
40160
60091
66571
81397
56961
92079
10726
78194
46480
73576
26104
97658
56366
49160
29475
12838
83485
23421
34249
98922
55909
21964
41511
72772
77472
30286
32819
61041
80942
56363
47901
38845
83978
38439
66987
17204
79748
54968
97926
46912
55600
96522
26403
24405
32910
21216
55765
38279
28699
12618
14422
94637
78732
73014
56361
22920
34014
81393
28292
36870
87339
89344
97862
97433
10793
48057
33408
60597
55489
62454
18832
34850
86480
56129
74136
63333
43420
78373
99697
93416
40682
56800
94425
24854
18871
85650
73547
51132
67633
93070
50455
56223
52963
56718
39794
33798
52013
87078
77415
24237
88477
45210
99614
24476
16770
54610
51611
23362
37422
54991
81602
28852
82575
95061
81320
84347
53136
81775
96659
54733
48271
50295
77761
89653
52631
18236
62538
15824
23643
80474
78075
73355
64783
63425
14687
63723
61371
52484
86624
18171
51039
21020
16542
68590
27876
86592
19413
36572
98130
48093
95884
35254
22148
25574
69024
33773
94561
56514
68555
11897
74257
79153
93896
52492
12163
86107
70548
35865
49904
26025
54777
27091
21849
16865
50504
29132
59301
77819
21100
38684
34129
74715
40411
77554
16321
37944
76331
34302
62441
82604
97598
69124
99125
62984
55094
85894
30701
68612
49065
81690
41259
14933
48445
88942
24041
90127
27530
78312
67061
22375
84888
83288
15033
68727
77026
63653
53904
35193
26693
42372
80934
34293
52049
41782
95557
15769
83251
24614
20087
84342
25991
27569
92131
79475
13741
86335
68187
18261
77723
28349
93866
36199
34925
83124
41824
48266
92529
11468
50931
80457
58682
58676
31651
31778
76844
36283
31978
10277
34590
83798
64877
51673
92950
20579
10689
60362
61544
22285
73735
62937
50694
41093
56128
81177
60159
38726
52826
61294
82165
45973
78403
25918
57160
11398
30900
66053
20857
91912
81708
53920
12951
13060
63247
95555
17186
78742
44358
38028
97746
21449
59846
27776
62054
22603
90827
14244
25839
32504
24270
48860
29893
66844
12569
16748
78701
36538
49562
65549
42624
15642
77525
17857
31528
92763
17497
75046
17829
80032
26336
92940
92878
90291
11362
24476
99738
36070
91182
43608
68858
51139
76299
38284
98534
42340
29949
47661
96131
66411
17442
60251
71272
46557
76384
86469
65381
11671
18144
66329
44300
66519
69697
48817
47870
76212
79024
17073
73286
90530
20189
50628
10401
41227
68588
35961
43800
19944
57835
17367
75513
20562
60611
82929
45965
75222
41730
35121
29853
70838
67333
61426
88124
80042
50803
56879
92377
55641
71966
79995
63137
65814
41298
83817
79180
89845
54485
57148
78095
58539
42697
44590
75608
80418
64896
44754
33985
92433
65378
41051
75591
94408
87015
16859
32407
20154
93680
13988
80667
36936
50241
38420
99858
45238
45652
48948
46344
17317
82799
88259
36252
64172
22038
41544
76029
51306
29927
80261
81006
77228
65585
78005
91343
27022
20960
84077
49769
51999
39346
86842
62989
60103
35878
47136
29503
82300
37459
44080
71963
40931
16325
46176
62119
29906
95942
37885
97969
20485
18606
39516
62339
75421
57438
64803
37821
66993
96624
91208
93778
31699
19974
47879
29467
92276
16649
13401
98936
14343
13244
41634
82103
70193
77172
17658
19291
79399
86670
27046
54083
61568
80379
73128
47409
24138
24056
89256
54837
74604
12205
87767
13933
55254
50646
86805
35589
63310
55475
62679
92249
58992
67246
55344
34435
58890
86081
46514
42394
37039
43366
21332
78735
22780
65933
21324
84494
98975
69542
75003
32620
66833
29929
93353
56140
35412
60463
73110
41410
60276
48453
11262
85208
95497
42296
26128
70738
14819
97466
60199
32234
39644
21435
53342
91220
95580
99658
62927
39130
34833
67064
80640
56798
76106
55966
83309
71970
82830
98287
46845
49153
20876
66808
25323
83891
18047
70981
40784
40082
95042
96957
25376
30514
40669
96075
38177
87340
31630
40496
35239
85288
42648
60226
96379
65206
66422
51305
94351
10840
95301
84537
14266
90810
85328
98587
69480
18481
97031
64329
14142
15428
88744
86916
51654
53036
74061
92574
48772
80944
30164
25765
18772
59718
68053
40661
41974
19077
38415
67170
58845
51564
19360
95026
56750
34091
14680
82155
81799
37759
10204
79295
93595
56204
81618
16692
19596
85592
11288
16758
71049
60332
76911
31139
49612
17959
65618
45371
69814
29105
98369
63539
44241
95405
14678
52796
89747
14790
74037
77018
90372
72802
70720
38169
74946
75217
39723
64215
63169
51831
91250
99743
38589
68171
62761
53323
15695
74508
44242
83187
77217
45374
41117
17346
39596
70556
95920
61129
50614
81228
28486
34098
33599
29865
14824
25919
94105
16670
54522
89695
27807
15800
76727
96080
12522
94260
96092
73561
94952
99322
99000
32307
96661
73681
54706
89491
74208
58738
66173
81420
69825
51038
86779
14580
76475
94940
28689
87021
97045
31278
58219
86793
98738
52357
73212
89749
95320
84649
77165
98746
67114
43787
90612
62495
28790
28212
46617
26068
80184
40397
83619
87162
88640
15733
62322
25468
12348
42725
61770
26078
98096
96870
60548
98639
14918
82467
43368
58284
54737
45257
83340
51981
57576
64594
82939
37155
15450
89407
81496
12206
51810
32578
52365
66352
25086
12212
44993
96946
73927
83235
50672
46911
83181
12530
42518
87253
34037
79841
68988
44525
81913
93183
94287
33665
33718
71621
94315
80468
43496
80830
76903
22395
70011
78165
97240
80354
95036
94400
80756
86782
90664
69941
17889
71498
50808
11551
70538
85838
30717
94908
29589
56383
16739
83670
27367
32400
80942
29019
23004
11160
61346
25464
86605
12063
65183
74578
11193
88201
17649
48325
66091
51411
32543
77764
84368
22885
69345
70901
13741
65884
34471
56961
94031
41813
10584
65401
45190
26633
66814
72904
80240
90555
86756
80732
20264
62106
69815
80975
54372
33867
38350
60423
23177
56650
75094
72897
47806
99631
19846
54347
18133
58846
94974
59986
16907
84384
35549
80319
73199
90629
43036
82111
87569
33783
73858
33080
68431
89503
98549
83612
56489
28955
92113
18403
38871
36238
55922
85391
14161
27496
49627
72082
15753
94811
38559
76878
86542
48741
40436
15629
85400
73010
22961
27839
60047
60593
38503
24523
10365
64942
29380
30709
69507
56438
76324
99696
11161
37780
82844
96214
90421
83344
28788
92141
15539
61774
14884
20581
97667
51058
84155
31045
41890
45480
14807
20565
11261
82415
48258
68478
61407
32957
49338
36727
20843
75121
36330
61637
62623
82240
49271
52236
23225
36180
83753
74396
25061
31424
60582
11438
61064
71165
67838
33839
89037
44678
66636
72302
75106
39438
85484
31242
52663
67163
37983
71898
40237
62825
48494
86344
63659
56612
11617
29689
15990
18893
28102
68062
70194
23323
43545
84555
79218
30744
65342
21707
64410
84571
36222
87721
72582
86681
79891
98748
27607
76031
78346
80494
48383
90326
12113
96342
62228
15111
98425
46534
37578
85456
23580
35100
16254
85834
55421
86326
78023
56351
55468
86596
40436
19804
67303
23997
71328
64225
75975
39423
45690
24926
58748
56124
52081
70982
89514
66322
34923
24712
66812
25665
70283
11006
56992
18857
47422
90505
83193
36614
31869
22224
84164
89840
48564
68687
95783
96217
66699
96925
41303
94902
51194
42483
34149
56021
39756
36198
37064
26689
76601
32067
43713
99597
25129
35081
87069
84073
83822
14520
35161
30970
35532
13691
44223
46828
31166
33175
81425
84764
79620
72072
97622
45314
76421
66313
17260
93406
68723
80030
51721
65727
85660
89634
34709
57012
53021
46175
84063
78508
69552
38019
71352
66393
93005
66498
96663
56759
78198
18050
95879
66532
81689
42410
29686
89933
37982
72341
82784
62353
42008
60857
79567
71984
51524
61543
30366
42097
70680
65006
66284
42847
66047
53169
58881
92130
69417
83126
21686
88768
28211
56674
78310
48794
92671
25102
72905
48398
14421
60438
42674
34430
42083
78802
91182
14184
98583
30221
55063
81806
38542
76493
56746
47983
33884
46297
85955
69192
63472
76846
26704
32303
87849
46477
98377
19220
11929
31094
19145
51587
26427
17580
79981
78717
38743
71652
85525
33425
50985
79837
63456
39443
61770
72064
75303
46696
99291
77576
29929
90442
16659
31629
84535
66028
63116
28176
70729
92813
97096
43672
19243
99973
69663
15212
25216
16472
21608
66934
73285
71164
79451
18269
54358
92328
55370
97548
16021
85759
62475
31285
56591
71182
76552
13883
53585
64687
71984
26795
67929
37540
57354
36178
74712
99118
23256
85446
47142
29802
62048
85136
10731
25840
73902
50876
95455
70099
99189
30062
22306
95449
87760
98075
54439
68869
50094
47637
82342
93251
99098
45442
53025
59146
51459
12956
57603
79142
24925
13667
27784
82772
14088
54034
56608
79944
89546
85447
10250
90002
34685
40313
12668
41234
46615
10340
50487
14804
64841
13263
45771
61622
49580
87668
75237
34523
39044
93429
30939
79246
75169
37533
92403
32219
60062
90431
42929
49025
47720
40209
61128
65159
14812
36228
78993
37767
64857
37241
40150
28443
46012
57979
88371
33917
48892
73226
60386
68130
38595
18791
36004
22431
73712
16433
69444
90641
39455
70727
14368
31222
49196
12430
14964
97765
62633
96306
60050
75893
19107
93680
17346
17469
98128
12849
94534
58364
74420
52646
84874
57182
89805
12117
94961
29828
43084
12607
65996
88799
43935
49105
41403
69561
11284
83112
65228
31152
65658
16169
33216
70728
99225
41487
26497
42143
19792
88006
73783
89211
99443
52794
44495
27792
93751
47733
73901
75333
35371
71389
37001
46857
52900
65784
26027
36794
72639
96336
54868
23961
88940
97463
57502
93076
27238
13891
80784
45555
22303
29040
11207
63341
98132
97838
25755
11189
99086
69837
29835
59133
27531
87619
63414
38713
45247
37508
84930
73885
77821
51485
46791
87582
58908
19687
91140
47039
64987
91188
66996
95518
36869
71066
84754
72335
40657
17790
53416
83341
72010
49183
17365
81898
41755
93553
48169
40743
67515
53576
26664
30681
65716
19632
31791
91150
97361
69265
57926
51394
67700
39242
65920
85585
84770
72150
55624
63408
35620
70981
92555
58250
43545
63010
34419
29307
18155
45793
54103
19953
59035
17671
39432
73629
36183
80904
32398
20491
12042
83649
51426
22543
67301
95232
54005
82331
11167
70539
84237
53672
96259
49692
84358
75396
36379
20913
86022
38885
24036
41072
22773
40872
86997
28381
33876
25273
42255
62061
69782
39470
99222
88871
81816
66758
29846
53547
22407
53623
22351
46258
60468
38074
15282
33547
70864
28442
15819
63844
55757
67961
26784
58025
31941
65606
37619
54367
74212
28416
77787
18812
69070
35483
54557
13153
13030
85604
36384
27600
31736
40368
53366
68936
13038
56317
66024
35066
90376
54984
80887
36473
38459
55457
73653
98036
53252
47462
85417
23189
10636
42312
28373
54199
35100
25328
51598
48005
73214
90856
54068
12678
53550
24582
78978
22483
27608
34013
17199
56019
99608
95646
51646
92269
91310
14246
88817
51293
12927
90634
43363
68594
33511
38090
80757
18865
19562
72760
71038
37749
71617
89825
61025
44864
40173
44786
27909
39850
97299
30577
82505
87305
75607
75132
37769
72819
41887
80818
74159
84227
65794
85012
38354
64710
26398
90991
34282
29417
90347
65333
85739
28598
54826
61838
63071
79565
39236
60380
84825
72067
83567
57371
81472
36703
98327
77216
19462
39976
38642
35162
35196
73251
59416
69012
18906
59815
29372
20257
75097
22609
14425
21789
75669
93851
91181
98548
51227
61083
24451
56505
58049
67840
11544
25914
45834
30488
82522
75166
35346
39034
94604
43971
91998
14845
96147
40891
10481
71546
23975
15634
13256
63865
79178
34904
57215
55357
27108
50043
67693
78893
26528
56813
89686
65607
91913
32278
57262
94342
32006
31380
43835
16415
91952
84734
68287
78408
28975
31267
99978
70282
59555
27565
75856
47611
32078
36502
36906
90369
19477
44301
25133
98225
33958
46703
79941
20013
13243
68938
98579
13581
72943
59420
46685
18220
96764
96619
65111
28850
46943
84644
63470
96283
52868
46748
92275
44164
75098
54232
61966
17311
33697
10799
69461
43308
83023
88480
35087
46506
58028
48363
74255
47485
26032
11507
87520
87206
29680
34176
26304
24282
47171
37044
87497
10683
24086
40547
40224
94144
64357
23023
69516
52380
50788
72634
52694
52202
62216
24661
64757
48535
40722
34204
99639
35767
78918
58760
97552
67165
75521
15165
69965
65236
82815
52983
38056
27850
82929
92842
38828
58741
74976
33314
61450
60072
71732
63841
38651
92556
84521
89249
69596
69844
19133
45285
37845
39817
23239
30814
53816
84760
47911
40341
32482
69008
60856
60580
31562
90047
46770
46016
23586
42923
11510
27037
89130
97126
13078
97803
15487
72792
10422
19261
20092
14395
92346
66031
21528
37784
72235
48993
29700
62680
68857
68348
67373
24242
48352
19302
91398
42509
69749
44628
53168
28549
15035
43294
19967
80587
37590
20166
50107
42553
15018
36204
40918
46469
77831
27261
42116
73341
50948
45860
22063
11785
94509
59096
83269
44994
84564
93754
40261
77607
51111
66881
36095
96438
57205
55669
79845
36753
66059
26883
52025
97932
28684
49980
54597
21592
12221
40778
48994
76125
61104
77012
57391
45590
83734
73557
51743
63386
96881
83079
20342
56022
95244
56456
84244
86209
30809
84908
33267
61657
36536
38456
78097
78370
41984
99587
63630
27726
49122
59198
93844
40127
79782
45259
81991
41151
53020
33906
84632
40129
87566
20250
73843
28343
98889
78477
94611
93352
65729
25646
44703
45296
37145
15643
78302
12062
45800
41768
51461
52922
79878
42110
67006
49533
83596
93437
82575
46313
76341
68948
97831
58928
59310
73570
62601
54255
27980
27983
71393
45059
97356
86465
25489
47388
31738
64349
11065
19868
73213
90073
85371
37426
83335
70009
32144
93549
45451
89532
52911
62226
79022
69409
82269
57680
21110
14134
42475
58934
28386
28185
95596
80422
50661
71177
89371
44280
63441
64489
95602
91448
52209
32795
65203
38936
78888
28668
11095
36953
43727
36348
23349
66321
89095
79454
63335
70956
75723
96040
48543
91997
83238
70023
52522
21045
28602
90014
50926
82342
43446
33471
68099
99815
93083
15196
13175
12152
32964
69926
24347
82817
30140
28024
19704
27409
72136
23330
63112
90635
51717
66659
70321
44647
92867
26073
56405
58109
27781
36407
93789
70676
46465
73981
65053
59613
12243
71927
70633
36283
43303
71957
92338
53498
31153
14593
72037
93183
96572
89966
39276
22668
32056
95254
50315
53095
36137
34733
23825
59743
13674
52916
48217
15583
32319
50070
91813
85992
69720
96346
98154
72492
93259
46039
76785
58492
69816
91671
93311
35710
49303
47552
14649
62377
30831
63760
18127
69558
41450
75965
30307
14273
83265
60476
74021
19929
95601
28935
25574
41178
91741
57697
86103
48222
18450
84672
26194
20593
66142
17829
84756
69697
89800
83702
98501
56154
20681
76889
26923
45277
60554
40100
31632
13515
63547
51944
30336
84215
87528
37146
40955
63691
19097
34836
36981
96671
78538
50476
85257
40621
53891
33376
97284
40902
82560
15264
77499
99978
66230
34255
30955
10031
36256
27219
48725
64092
52631
85174
37325
51059
34833
75758
84593
88383
43932
39973
50094
16759
61408
33825
37310
45060
97537
73001
59256
84942
39480
25702
43565
50973
79560
61457
59284
87671
23346
84967
39504
23638
97875
45089
42410
93902
41639
40698
51929
21232
11737
84618
60752
31700
73685
14724
37442
91353
99651
61614
17587
93093
21806
65060
30246
48151
78356
45598
84250
86497
95930
73984
60644
92742
29405
33177
86157
21906
79781
45682
14922
78082
55014
46731
70855
92196
89108
40012
14921
18848
50096
58477
78331
10633
89593
89550
29120
96946
18494
25043
85468
28346
78968
60149
24780
24537
33290
68060
45622
90900
29960
91453
73028
95687
53785
85396
80632
23593
69790
68283
22565
64043
26332
17184
85968
88333
91037
85777
58783
98403
30189
20077
77752
98735
38193
56487
87702
37327
15327
41377
77243
90979
94423
89159
50494
50163
92345
31860
94033
69899
97870
31416
29361
50296
76209
42771
69080
95156
15865
33118
43639
57337
11409
87648
42670
26114
48841
56614
35198
18055
56305
32802
11559
92838
38983
72477
21496
21654
66271
67551
85865
64714
93903
12643
77159
13620
53881
23819
61408
35638
28357
65082
87021
30170
69752
22375
37574
60102
13338
22904
87149
52571
44038
51380
54326
93742
93045
17507
49627
81620
85509
84329
81113
32677
85707
62828
82945
49465
26471
20964
31017
91610
23130
87387
10363
23400
10305
11672
92990
19760
50769
38541
30516
61639
60228
28512
26586
51350
26949
81268
79995
76954
48521
86647
67352
39685
48026
68267
30745
95930
79607
42615
30664
83742
10549
67334
15267
57149
64680
33027
99837
28331
93689
88922
87774
52493
90915
34181
96099
12272
56630
60612
70527
11788
55578
79187
56281
28642
50738
18266
22902
71222
50469
33626
20280
66541
85246
46203
14741
44889
35855
88027
95603
41823
18315
38369
59085
31887
96164
62707
66629
89205
34362
14237
95934
31389
16410
79154
33235
11853
78637
43577
17735
61467
47399
34861
33378
25965
85376
92263
80336
32615
63517
96700
95810
91409
60087
18344
91169
68082
25057
37089
60564
64334
54043
57012
79243
35283
11519
97965
35276
36869
10652
97055
67765
20759
74837
86878
53383
51624
28602
66025
47454
31543
59514
23081
52876
86769
91406
45996
71030
37642
14262
80202
12039
78076
73733
34406
80581
40033
67395
99962
48322
21013
30571
73853
50413
85291
32258
12103
17936
47096
65970
95179
30217
23584
17511
95766
30558
89414
18663
52798
42071
35734
62928
49238
85123
85386
77486
27477
24627
38729
65936
98863
96077
46327
42252
86455
61035
29987
78106
78716
22753
50609
74922
50898
10095
39723
26699
46322
74243
63665
49608
43277
14124
79468
43733
23565
90433
21697
34204
13397
87272
33194
16914
26377
50383
89317
91570
21886
66347
84714
46146
40183
10513
35663
75761
68846
41652
11488
50609
38005
32641
85574
78308
29990
39305
39190
28712
51535
85082
63951
56498
65094
34243
57404
99416
87844
84272
64990
67364
20294
56403
32056
56073
89576
96570
10345
25838
23411
98954
39482
60898
97440
45022
15097
78301
37508
43691
79337
52154
94941
24932
98588
27663
34865
79771
60631
66558
24101
56644
45129
35215
40941
53472
22353
31885
37067
30989
74393
37194
83571
99291
56343
89831
28887
68213
60708
25235
97777
22511
10574
37405
85305
64226
33505
21033
80322
17081
52909
26264
67446
18888
27840
35669
15388
55343
28788
12332
59227
74300
89115
41691
96434
65510
29460
67127
82172
70747
84301
31132
76323
95434
99750
39484
66528
14246
42576
84028
70953
84727
69832
22408
98843
16675
70086
26649
78799
14038
55412
22557
70054
56774
13278
91521
51128
72476
87740
97073
51909
52885
95874
25272
34385
15462
75858
55398
88981
44115
47917
59158
88293
92569
63644
27178
10001
10920
29178
51581
61100
20907
79612
24238
56060
81109
24961
56202
25948
40776
41827
51604
15255
23156
50265
38366
26592
28780
35077
62867
56426
85045
59111
62303
77117
63388
45117
29962
29114
19050
85900
53481
96715
42183
21959
64173
75605
95822
91450
56892
14807
95619
37375
61885
17852
46141
63956
95706
35358
76679
26049
64996
94692
27399
95338
16907
73518
39695
46369
16607
60012
30336
58651
59189
63522
52451
73221
47397
23845
90635
83357
77563
86421
85415
91192
98958
83726
48437
67678
69003
35286
42712
85617
17773
75769
25672
40803
29790
78745
37570
40469
35726
14421
96600
44433
73945
68432
20978
28155
49946
61924
92115
69235
80058
11057
77357
53167
83512
21984
52882
47096
14608
23699
25652
93284
35256
54637
44728
84140
43242
37978
12906
29128
90019
64725
86836
14315
86252
77502
42433
77697
31412
10280
43399
29074
22528
47365
98365
70630
50682
10186
41444
69623
75668
47963
39448
41418
84220
68895
61254
66483
39922
77861
61842
81651
14617
99420
63771
15525
10681
63192
82813
40566
31612
12257
37507
59380
86022
69643
51805
10393
66554
58804
29278
71616
86920
71635
72122
91780
48765
44219
19268
15539
51605
73544
11294
22415
11453
79498
76627
47200
91996
23397
61736
35922
76651
86750
85967
97195
35325
60233
57549
33315
23648
53308
41072
22878
73225
53758
62787
43131
16939
99668
16186
61102
73391
94828
15996
98383
51049
86691
96765
83265
53504
84708
56763
84863
22409
23658
12025
72802
62300
42191
93748
78441
55162
53151
18520
21006
31051
87324
13625
82207
